gen,MSE_train_median,MSE_train_p5,MSE_train_p10,MSE_train_p90,MSE_train_p95,MSE_test_median,MSE_test_p5,MSE_test_p10,MSE_test_p90,MSE_test_p95,nll_train_median,nll_train_p5,nll_train_p10,nll_train_p90,nll_train_p95,dl_median,dl_p5,dl_p10,dl_p90,dl_p95,func_compl_median,func_compl_p5,func_compl_p10,func_compl_p90,func_compl_p95,param_compl_median,param_compl_p5,param_compl_p10,param_compl_p90,param_compl_p95,size_median,size_p5,size_p10,size_p90,size_p95,avg_len_median,avg_len_p5,avg_len_p10,avg_len_p90,avg_len_p95
1,0.0001242475,0.00010781892,0.000108067296,0.0002272984,0.00022729843,0.00015258636,0.00010228559,0.000104955725,0.00016413178,0.00018574849,-3105.378,-3176.9275,-3175.7664,-2800.666,-2800.666,-3068.1216,-3149.8057,-3143.8464,-2795.331,-2795.331,12.542316,2.0794415,2.0794415,33.271065,39.55004,11.792673,3.2556248,3.2556248,16.684614,19.461653,7,3,3,15,18,6.052,5.71,5.756,6.322,6.432
2,0.00011334801,0.000107411695,0.00010781902,0.00020911591,0.00022729831,0.00015275164,0.00010205971,0.000105085586,0.00016412616,0.0001755458,-3151.6978,-3178.8364,-3176.927,-2842.7288,-2800.6663,-3127.903,-3154.1477,-3150.1687,-2817.1184,-2795.3313,12.875504,2.0794415,6.931472,29.11218,32.23619,12.013156,3.2556252,9.119568,17.359589,18.907356,8,3,5,14,15,5.428,4.934,5.046,5.848,5.96
3,0.00011315453,0.00010737129,0.00010780049,0.00015816659,0.00020911587,0.00015517008,0.00010205885,0.00010559879,0.00016412581,0.00016413271,-3152.5593,-3179.0264,-3177.0134,-2983.6052,-2842.7288,-3132.6418,-3156.7734,-3153.0015,-2939.5508,-2805.0493,12.542316,6.931472,6.931472,26.876392,32.23619,12.124793,9.044513,9.798487,15.959648,17.710714,7,5,5,13,15,4.738,4.094,4.21,5.34,5.472
4,0.000110691035,9.841344e-5,0.000107411695,0.00014603631,0.00020911587,0.00015712259,0.00010172494,0.000105598796,0.00016412581,0.00016414029,-3163.6643,-3222.9763,-3178.8364,-3023.861,-2842.7288,-3135.168,-3168.139,-3155.0933,-2995.6206,-2805.7795,12.542316,6.931472,6.931472,26.366695,35.155594,12.040997,6.991936,9.036537,14.431838,17.910278,7,5,5,13,16,3.92,3.21,3.294,4.58,4.94
5,0.00011069101,9.778641e-5,0.00010737139,0.00014603639,0.00020911587,0.00015519036,0.00010045833,0.000104392755,0.00016412581,0.00016413271,-3163.6643,-3226.2007,-3179.026,-3023.8608,-2842.7288,-3140.651,-3191.8813,-3158.9304,-2995.6206,-2821.903,11.266066,6.931472,6.931472,24.953299,32.23619,12.124479,6.101568,8.283373,16.280888,17.953873,7,5,5,12,15,2.866,2.27,2.328,3.618,3.776
6,0.000110691006,9.464419e-5,0.00010689201,0.00014603639,0.00020911587,0.0001542076,9.576566e-5,0.0001045381,0.0001641248,0.00016412538,-3163.6646,-3242.6785,-3181.2832,-3023.8608,-2842.7288,-3143.2573,-3201.2927,-3159.561,-3000.303,-2821.903,11.266066,6.931472,6.931472,27.03274,35.155594,11.882242,6.991936,8.283373,14.934738,17.910278,7,5,5,13,16,2.072,1.694,1.73,2.696,2.858
7,0.00011010547,9.04245e-5,0.000106892025,0.00014603639,0.00020911587,0.0001542076,9.576566e-5,0.00010448436,0.00016412478,0.00016412536,-3166.34,-3265.6882,-3181.2832,-3023.8608,-2842.7288,-3143.761,-3204.8474,-3159.561,-3000.303,-2821.903,11.266066,6.931472,6.931472,27.03274,35.155594,11.84162,6.671565,7.9034796,14.726248,18.906689,7,5,5,13,16,1.834,1.446,1.494,2.528,2.646
8,0.000108957254,9.04245e-5,0.000106892025,0.00014603639,0.00020911587,0.00015378653,9.576566e-5,0.00010307706,0.00016412478,0.00016412536,-3171.629,-3265.6882,-3181.2832,-3023.8608,-2842.7288,-3148.5657,-3204.8474,-3159.7231,-3000.3032,-2823.9526,11.266066,6.931472,6.931472,27.03274,35.155594,11.550489,3.2556252,6.671565,14.322932,17.910278,7,5,5,13,16,1.998,1.504,1.556,2.758,3.116
9,0.000108820765,8.917529e-5,9.200106e-5,0.00013489362,0.00020911587,0.00015258625,7.133839e-5,0.00010080682,0.00016412478,0.00016412538,-3172.2612,-3272.7063,-3256.968,-3063.9028,-2842.7288,-3151.4338,-3224.0796,-3196.497,-3032.1206,-2825.1394,11.266066,6.931472,6.931472,32.95837,39.55004,11.516138,3.2556248,3.2556252,16.298899,18.906689,7,5,5,16,18,2.306,1.702,1.794,3.346,3.642
10,0.00010882075,8.917529e-5,9.147737e-5,0.00013489355,0.00020911587,0.00015207354,8.71234e-5,0.00010172494,0.00016326293,0.00016412478,-3172.2615,-3272.7063,-3259.8477,-3063.903,-2842.7288,-3155.7441,-3229.057,-3218.2053,-3045.8875,-2825.1394,11.266066,6.931472,6.931472,31.134562,39.143948,10.26311,3.2556243,3.2556248,16.395945,18.906689,7,5,5,15,18,2.594,1.976,2.08,3.94,4.59
11,0.000108820735,8.917529e-5,9.054326e-5,0.00013489355,0.00020911587,0.0001512189,8.71234e-5,0.0001012898,0.000160945,0.00016412191,-3172.2615,-3272.7063,-3265.026,-3063.903,-2842.7288,-3155.8848,-3233.5513,-3223.2007,-3045.8875,-2825.1394,12.542316,6.931472,6.931472,35.155594,39.55004,9.80818,3.2556248,3.2556248,15.210531,17.52588,7,5,5,17,19,2.938,2.212,2.356,4.748,4.92
12,0.000108820735,8.694815e-5,9.04223e-5,0.00012234834,0.00020911587,0.00014754813,7.8928446e-5,9.8698445e-5,0.00016094475,0.0001641222,-3172.2615,-3285.466,-3265.7004,-3113.149,-2842.7288,-3155.8848,-3236.4329,-3226.2068,-3086.619,-2828.2073,12.476649,6.931472,6.931472,35.350506,39.55004,10.162286,3.2556243,3.2556248,16.284632,17.52588,7,5,5,17,19,3.232,2.464,2.562,5.586,5.79
13,0.0001088207,8.828872e-5,8.96237e-5,0.00012234831,0.00020911587,0.00014754813,7.1335664e-5,0.00010080703,0.00016094498,0.00016326293,-3172.2617,-3277.747,-3270.176,-3113.149,-2842.7288,-3157.7395,-3236.4329,-3227.7573,-3086.7703,-2828.2073,12.875504,6.931472,6.931472,33.271065,39.143948,9.445383,3.2556238,3.2556248,16.400166,17.69634,8,5,5,17,18,3.586,2.598,2.674,6.312,7.156
14,0.00010796655,8.424786e-5,8.898804e-5,0.00012234831,0.00020911587,0.00014313146,7.129556e-5,8.872736e-5,0.00016094474,0.00016325303,-3176.2373,-3301.3823,-3273.7668,-3113.149,-2842.7288,-3157.7397,-3255.5505,-3233.5588,-3091.2854,-2828.2073,14.334076,6.931472,6.931472,39.509388,43.749115,9.445383,3.2556238,3.2556248,16.526789,19.08194,8,5,5,19,20,4.044,2.66,2.886,7.33,8.39
15,0.0001069976,8.322823e-5,8.6769345e-5,0.00012234834,0.00020911587,0.00013653707,6.674194e-5,7.9851554e-5,0.00016094395,0.00016094504,-3180.7854,-3307.5256,-3286.5046,-3113.149,-2842.7288,-3159.3384,-3255.5505,-3238.7656,-3095.5593,-2828.2073,17.703817,6.931472,6.931472,41.58883,50.536167,9.807981,3.2556238,3.2556248,18.986444,26.461529,10,5,5,19,23,4.532,2.7,2.834,8.366,9.612
16,0.00010423179,8.253037e-5,8.630002e-5,0.00012234834,0.00020911585,0.00013407733,6.674194e-5,7.222007e-5,0.00016094385,0.00016094504,-3193.9978,-3311.7737,-3289.241,-3113.149,-2842.729,-3159.959,-3264.4312,-3250.1108,-3095.5593,-2828.2073,17.917595,6.931472,6.931472,41.74727,50.536167,9.74792,3.2556238,3.2556248,18.495932,25.320333,11,5,5,19,25,4.878,2.736,2.976,9.292,11.06
17,0.00010015671,8.253037e-5,8.600777e-5,0.00012211596,0.00020911585,0.00013221806,6.425309e-5,7.16518e-5,0.00016094372,0.00016094482,-3214.1177,-3311.7737,-3290.9524,-3114.1082,-2842.729,-3186.2415,-3264.4312,-3250.1108,-3098.376,-2828.2073,19.709354,6.931472,9.704061,39.55004,46.141716,9.638613,3.2556238,3.2556248,17.650194,20.97224,11,5,7,19,21,5.404,2.776,3.07,11.09,11.99
18,9.522666e-5,8.253037e-5,8.4329375e-5,0.00012211592,0.00020911585,0.00013148799,6.425282e-5,6.674195e-5,0.00016094379,0.00016094482,-3239.583,-3311.7737,-3300.8948,-3114.1084,-2842.729,-3195.4426,-3264.4312,-3250.7615,-3099.5864,-2830.4482,20.794415,6.931472,9.656628,39.55004,50.65687,9.932463,3.2556243,3.2556248,19.160477,23.575176,11,5,6,20,23,5.892,2.82,3.168,12.17,13.668
19,9.3558025e-5,7.496883e-5,8.402955e-5,0.00012211586,0.00020911585,0.00013022413,6.51732e-5,7.672527e-5,0.00016094379,0.00016094482,-3248.5015,-3360.253,-3302.692,-3114.1086,-2842.729,-3201.8296,-3306.6826,-3253.7488,-3099.5864,-2830.4482,22.873857,6.931472,9.656628,43.944492,56.14492,10.334188,3.2556243,3.2556248,18.595623,23.575176,11,5,6,22,26,6.62,2.78,3.364,13.924,15.836
20,9.242929e-5,7.461855e-5,8.3636485e-5,0.00012211586,0.00020911588,0.00012671195,6.62924e-5,7.672527e-5,0.00016094351,0.00016094478,-3254.625,-3362.6157,-3305.0571,-3114.1086,-2842.7288,-3209.9578,-3306.6826,-3255.4382,-3099.5864,-2830.4487,24.16947,6.931472,9.704061,48.33894,56.14492,11.183085,3.2556243,3.2556248,19.406956,23.06364,12,5,7,22,27,7.558,2.872,3.468,15.502,17.782
21,9.147981e-5,6.775623e-5,7.577702e-5,0.000119179036,0.00020911588,0.00012147383,6.467647e-5,6.705478e-5,0.00016014808,0.00016094478,-3259.8342,-3411.2861,-3354.8435,-3126.39,-2842.7288,-3217.6172,-3320.7432,-3285.1072,-3101.8455,-2830.4487,26.876392,9.656628,11.266066,50.65687,60.303806,11.945109,3.2556248,3.2556252,20.480522,21.848293,14,6,7,24,29,8.414,2.908,3.508,17.7,19.668
22,9.099741e-5,6.608849e-5,7.4552525e-5,0.000119179036,0.00020911584,0.000117104326,6.3969695e-5,6.697952e-5,0.00015831554,0.0001609447,-3262.502,-3423.8591,-3363.0623,-3126.39,-2842.729,-3225.511,-3354.4688,-3299.849,-3104.883,-2830.449,26.876392,9.656628,11.266066,50.65687,64.462685,11.775894,3.2556248,3.2556257,20.443726,22.27182,14,6,7,24,31,9.318,3.064,3.688,18.726,22.21
23,9.061254e-5,6.5758584e-5,7.075632e-5,0.000119179036,0.00020911584,0.000113375434,6.4275795e-5,6.768957e-5,0.00015831554,0.0001609447,-3264.6401,-3426.384,-3389.4285,-3126.39,-2842.729,-3229.0378,-3362.3477,-3299.849,-3104.883,-2830.449,27.03274,9.656628,11.266066,56.14492,64.215034,12.030939,3.2556248,3.2556252,19.844593,23.714739,14,6,7,27,32,10.956,3.192,3.884,20.474,25.124
24,9.015789e-5,6.4505715e-5,6.775628e-5,0.00011660521,0.00020911584,0.000113372094,6.437093e-5,6.768488e-5,0.00016094376,0.00016094469,-3267.1777,-3436.0889,-3411.2856,-3137.4043,-2842.729,-3230.7393,-3362.3477,-3304.6104,-3108.3782,-2830.449,27.242743,9.656628,12.476649,56.14492,64.462685,12.225329,3.2556248,3.2556252,19.733978,23.684547,14,6,9,27,32,12.066,3.416,4.116,23.188,27.606
25,8.946353e-5,6.200263e-5,6.775626e-5,0.00011660521,0.00020911584,0.00010519071,6.439761e-5,6.768488e-5,0.00015831554,0.0001609447,-3271.0784,-3456.0554,-3411.286,-3137.4043,-2842.729,-3230.7407,-3363.3052,-3321.924,-3108.3782,-2830.449,29.188652,9.656628,12.476649,60.303806,72.50841,12.225329,3.2556248,3.2556257,20.242004,22.423742,15,6,9,31,33,13.38,3.824,4.36,25.258,27.286
26,8.911497e-5,6.057268e-5,6.608849e-5,0.000113596885,0.00020911584,0.00010414456,6.0868097e-5,6.628864e-5,0.00015517067,0.00016094469,-3273.0479,-3467.8267,-3423.8591,-3150.5908,-2842.729,-3231.353,-3395.4043,-3351.4475,-3112.9214,-2830.449,29.188652,9.656628,12.476649,60.303806,68.621574,12.326327,3.2556252,3.2556257,19.4037,21.911354,15,6,9,29,33,14.724,3.852,4.52,24.936,28.486
27,8.896901e-5,6.0037008e-5,6.5758584e-5,0.000108820735,0.00020328838,0.0001010846,6.161201e-5,6.467711e-5,0.00015415903,0.00016094463,-3273.8748,-3472.308,-3426.384,-3172.2615,-2856.9875,-3235.788,-3397.8987,-3359.8037,-3149.534,-2834.0225,30.459911,9.656628,12.476649,59.32506,68.621574,12.344995,3.2556257,3.2556262,19.733978,20.519901,15,6,9,29,33,15.76,3.948,4.648,27.014,29.506
28,8.88788e-5,5.9958005e-5,6.467681e-5,0.000108820714,0.00020328838,0.00010253887,5.968517e-5,6.41623e-5,0.00015258625,0.0001551892,-3274.3865,-3472.9724,-3434.7524,-3172.2617,-2856.9875,-3235.788,-3405.142,-3359.8037,-3156.5295,-2834.0225,29.188652,9.656628,12.476649,63.719513,85.2571,12.335455,3.2556252,3.2556262,20.368114,22.60876,15,6,9,31,35,16.532,4.144,5.072,27.944,31.4
29,8.783356e-5,5.9523965e-5,6.388548e-5,0.00010882071,0.00020328838,0.00010254371,5.8710786e-5,6.284604e-5,0.00015171767,0.0001551892,-3280.355,-3476.638,-3440.963,-3172.2617,-2856.9875,-3237.1885,-3407.2937,-3362.3477,-3156.5295,-2834.0225,30.459911,9.656628,12.476649,63.719513,85.2571,12.227331,3.2556252,3.2556262,20.519901,22.423742,17,6,9,29,35,17.416,4.856,5.276,29.514,32.862
30,8.7398075e-5,5.9523965e-5,6.1877225e-5,0.00010882071,0.00020328838,0.00010254371,5.8708465e-5,6.2072875e-5,0.0001512192,0.00015517067,-3282.8623,-3476.638,-3457.077,-3172.2617,-2856.9875,-3238.946,-3407.2937,-3365.717,-3156.5295,-2834.0225,30.57932,9.656628,12.476649,64.215034,85.2571,12.227331,3.2556252,3.2556257,20.368114,25.170628,17,6,9,31,39,18.254,5.228,6.116,29.632,33.562
31,8.7355365e-5,5.9092676e-5,6.0699836e-5,0.00010882071,0.00020328838,0.000102493184,5.846462e-5,6.083941e-5,0.00015120424,0.00015517067,-3283.109,-3480.3066,-3466.769,-3172.2617,-2856.9875,-3239.3574,-3409.0437,-3376.228,-3156.5295,-2834.0225,30.57932,9.656628,12.476649,64.462685,86.97173,11.699694,3.2556248,3.2556257,20.519901,24.504366,17,6,9,31,40,19.456,5.684,6.652,30.884,34.624
32,8.7355365e-5,5.8974474e-5,6.069963e-5,0.00010882067,0.00012560075,0.000103280516,5.8462505e-5,6.0842827e-5,0.00014755447,0.00015517067,-3283.109,-3481.317,-3466.7705,-3172.2617,-3099.913,-3239.8838,-3409.0437,-3380.3662,-3156.5295,-3072.3245,30.57932,9.656628,14.4849415,64.462685,86.97173,11.709087,3.2556248,3.2556257,20.943687,25.170628,17,6,9,31,38,19.594,6.22,6.988,32.81,35.146
33,8.7355365e-5,5.875247e-5,6.05726e-5,0.00010699765,0.00012560075,0.000101833146,5.7287074e-5,6.0499427e-5,0.00014220335,0.0001525782,-3283.109,-3483.2195,-3467.8274,-3180.7852,-3099.913,-3239.8838,-3410.566,-3384.5662,-3157.464,-3078.6877,30.57932,12.476649,16.125835,64.462685,81.09822,11.7716465,3.2556252,3.2556262,21.910652,23.849245,17,8,9,31,35,21.006,6.292,7.468,33.884,37.558
34,8.691282e-5,5.721464e-5,5.916784e-5,0.00010245333,0.00010929798,9.784801e-5,5.6039848e-5,5.9039976e-5,0.00014219318,0.00015171767,-3285.6711,-3496.6006,-3479.6653,-3202.68,-3170.0537,-3242.7156,-3410.566,-3386.6514,-3159.8257,-3128.3218,34.04343,12.476649,17.703817,86.97173,105.50739,12.477455,3.2556252,3.2556257,22.423742,26.227009,19,8,10,37,45,22.148,6.8,8.214,34.492,38.48
35,8.655908e-5,5.721464e-5,5.9167673e-5,9.9883124e-5,0.000108820714,9.730288e-5,5.6039848e-5,5.8708465e-5,0.00014002081,0.0001525782,-3287.729,-3496.6006,-3479.6667,-3215.4976,-3172.2617,-3248.6318,-3410.566,-3388.2065,-3161.0232,-3145.8298,37.62695,12.476649,17.703817,81.29731,105.50739,12.578587,3.2556248,3.2556257,22.436527,26.227009,21,8,10,35,45,22.844,7.376,8.996,35.162,39.578
36,8.630497e-5,5.7370704e-5,5.9523998e-5,9.9683624e-5,0.000108820714,9.228634e-5,5.6039837e-5,6.0049253e-5,0.00014001848,0.00015120424,-3289.212,-3495.2266,-3476.6377,-3216.5066,-3172.2617,-3248.926,-3414.1392,-3391.052,-3173.7437,-3145.8298,40.864113,12.476649,17.703817,85.2571,105.50739,12.540234,3.2556252,6.1629033,23.870628,28.823643,21,8,10,38,44,24.58,8.028,9.96,35.304,40.524
37,8.517725e-5,5.7370693e-5,5.875247e-5,9.955362e-5,0.000108820714,9.1060436e-5,5.6184334e-5,5.8711503e-5,0.00014001947,0.00015120424,-3295.8477,-3495.2266,-3483.2195,-3217.1648,-3172.2617,-3249.6145,-3414.1392,-3392.3887,-3187.3682,-3145.8298,41.21047,12.875504,17.703817,87.49823,105.918915,12.36607,3.2556252,6.1691184,23.043911,28.851318,21,8,10,41,49,25.528,8.224,10.484,36.606,40.756
38,8.517725e-5,5.7370693e-5,5.875247e-5,9.52266e-5,0.000108820714,9.08936e-5,5.6187517e-5,6.0049253e-5,0.00014001848,0.00014755447,-3295.8477,-3495.2266,-3483.2195,-3239.5833,-3172.2617,-3252.4705,-3416.81,-3392.3887,-3187.3682,-3145.8298,41.21047,12.875504,17.703817,93.57487,105.918915,12.350952,3.2556248,5.346734,23.885303,30.1735,21,8,10,44,49,26.434,9.412,12.4,37.48,41.06
39,8.441516e-5,5.7370693e-5,5.875247e-5,9.50601e-5,0.000108820714,8.9561494e-5,5.6187517e-5,6.0041286e-5,0.00013998637,0.00014755447,-3300.3818,-3495.2266,-3483.2195,-3240.466,-3172.2617,-3256.7493,-3416.81,-3396.1326,-3187.3682,-3145.8298,41.21047,12.875504,18.021826,93.57487,105.918915,12.550619,3.2556248,3.2556252,25.019783,30.1735,23,8,10,44,49,27.274,9.336,13.28,38.592,42.0
40,8.390285e-5,5.6273828e-5,5.8263122e-5,9.161228e-5,0.000107966676,8.93151e-5,5.5462366e-5,5.7287074e-5,0.00013998637,0.00014755447,-3303.4526,-3504.9653,-3487.439,-3259.1042,-3176.2366,-3261.2827,-3416.81,-3397.8987,-3187.3682,-3153.6606,41.74727,12.875504,18.021826,97.73375,108.13096,12.572623,3.2556248,3.2556257,25.629986,34.069824,21,8,11,46,54,28.342,8.94,14.08,40.288,41.156
41,8.379211e-5,5.70174e-5,5.82265e-5,9.506016e-5,0.000107966676,8.84168e-5,5.5044253e-5,5.6962075e-5,0.0001398787,0.00014755447,-3304.1191,-3498.3428,-3487.7563,-3240.4658,-3176.2366,-3261.3586,-3417.2104,-3409.0437,-3187.3682,-3153.6606,41.58883,12.875504,18.021826,93.57487,108.13096,12.918953,3.2556248,3.2556257,25.13829,28.998215,21,8,11,45,52,28.826,9.088,14.904,40.412,42.796
42,8.379211e-5,5.70174e-5,5.7370693e-5,9.141007e-5,0.000107966676,8.8704175e-5,5.482331e-5,5.635049e-5,0.00013820248,0.00014220562,-3304.1191,-3498.3428,-3495.2266,-3260.2192,-3176.2366,-3264.11,-3420.7654,-3411.242,-3214.2805,-3157.787,41.21047,12.875504,19.4591,93.57487,108.13096,13.0318165,3.2556248,3.2556257,26.368088,31.283691,21,8,11,45,50,29.888,8.848,16.52,43.028,44.01
43,7.343086e-5,5.70174e-5,5.73803e-5,9.125184e-5,0.000107966676,7.721818e-5,5.4823304e-5,5.635049e-5,0.00013773526,0.00014220562,-3370.7104,-3498.3428,-3495.142,-3261.0933,-3176.2366,-3277.1653,-3420.7654,-3411.242,-3220.6167,-3157.792,43.668274,16.125835,19.709354,96.67788,109.86123,13.885699,3.2556252,8.062555,25.281145,27.366148,22,9,11,45,51,30.316,9.52,17.132,43.104,44.66
44,7.3328956e-5,5.6344164e-5,5.721465e-5,9.125184e-5,0.000107966676,7.46818e-5,5.440428e-5,5.548395e-5,0.00013773526,0.00014220562,-3371.411,-3504.335,-3496.6003,-3261.0933,-3176.2366,-3277.1653,-3421.595,-3415.5088,-3223.7944,-3157.792,43.668274,16.125835,19.4591,94.48066,108.2215,14.00061,3.2556257,8.106926,24.348293,30.130405,22,9,11,44,50,30.608,10.454,18.28,42.49,45.052
45,6.75586e-5,5.6390614e-5,5.721466e-5,9.118792e-5,0.000107966676,7.284381e-5,5.440428e-5,5.5311426e-5,0.00013773526,0.00014220562,-3412.7598,-3503.9192,-3496.6003,-3261.4468,-3176.2366,-3300.0168,-3422.7744,-3415.5088,-3223.7944,-3158.4143,45.747715,16.125835,19.709354,105.918915,114.369286,13.587048,3.2556257,8.339305,26.498589,31.84971,23,9,11,46,53,31.27,11.434,19.704,41.466,45.514
46,6.75586e-5,5.628812e-5,5.668943e-5,9.1187634e-5,0.00010120389,6.962617e-5,5.425479e-5,5.5229273e-5,0.00013653425,0.00014047908,-3412.7598,-3504.8372,-3501.2532,-3261.4482,-3208.8704,-3303.1543,-3422.7744,-3415.5088,-3223.7944,-3158.4143,45.747715,17.703817,19.709354,96.67788,108.13096,14.00061,3.2556257,8.350474,25.195381,32.918243,23,10,11,45,51,31.518,11.908,19.612,43.008,45.298
47,6.664635e-5,5.6014662e-5,5.645483e-5,9.1187634e-5,9.522672e-5,6.93873e-5,5.388176e-5,5.497896e-5,0.00013773526,0.00014220562,-3419.6187,-3507.2942,-3503.345,-3261.4482,-3239.5825,-3322.7327,-3423.3533,-3416.215,-3223.7944,-3178.8406,47.827156,17.703817,19.709354,101.31374,108.13096,14.00061,3.2556257,8.183368,25.195381,33.99099,25,10,11,45,49,31.936,11.772,20.548,43.248,45.966
48,6.647796e-5,5.6014662e-5,5.645483e-5,9.1187634e-5,9.522672e-5,6.8413516e-5,5.3534553e-5,5.4823304e-5,0.00013773526,0.00014220562,-3420.895,-3507.2942,-3503.345,-3261.4482,-3239.5825,-3325.5327,-3425.6804,-3417.9863,-3225.6929,-3178.8406,49.892574,19.4591,20.922693,96.70857,108.13096,14.436149,3.2556252,8.06403,26.332489,33.99099,25,10,11,45,51,31.984,11.89,20.72,44.168,46.972
49,6.4245854e-5,5.6014662e-5,5.645483e-5,9.099732e-5,9.453416e-5,6.572367e-5,5.425479e-5,5.5460445e-5,0.00013773526,0.00014220562,-3438.1255,-3507.2942,-3503.345,-3262.5024,-3243.265,-3339.7698,-3425.6804,-3418.373,-3225.6929,-3186.7368,54.485485,17.917595,21.405012,105.46678,115.12926,14.1956625,3.2556252,7.1029515,25.749725,29.353582,27,10,11,48,51,31.97,12.014,21.124,43.774,47.704
50,6.3166925e-5,5.6014662e-5,5.645483e-5,9.099732e-5,9.453416e-5,6.515791e-5,5.388176e-5,5.4823304e-5,0.00013653425,0.00014220562,-3446.6697,-3507.2942,-3503.345,-3262.5024,-3243.265,-3353.4973,-3427.0596,-3419.4355,-3227.0303,-3186.7368,56.14492,17.703817,20.922693,109.86123,118.52817,14.58914,3.2556252,6.523265,24.350723,30.016466,28,10,11,49,55,33.036,11.954,21.018,44.096,47.988
51,6.274448e-5,5.6390614e-5,5.6813275e-5,9.099732e-5,9.453416e-5,6.4722815e-5,5.3545828e-5,5.4823304e-5,0.00013653425,0.00014220562,-3450.055,-3503.9192,-3500.1523,-3262.5024,-3243.265,-3356.3936,-3427.3691,-3419.4355,-3227.0303,-3186.7368,56.14492,17.703817,20.922693,106.05152,116.4529,14.291106,3.2556252,6.523265,26.354467,31.283691,27,10,11,49,51,33.69,12.306,21.942,44.99,47.554
52,6.2316394e-5,5.6014662e-5,5.645483e-5,9.066714e-5,9.453416e-5,6.466095e-5,5.3541437e-5,5.462005e-5,0.00013310318,0.00014220562,-3453.5088,-3507.2942,-3503.345,-3264.3362,-3243.265,-3357.8403,-3431.927,-3423.3533,-3230.872,-3186.7368,56.14492,17.703817,20.922693,107.664,118.52817,14.630128,3.2556252,7.622637,26.368088,32.73245,27,10,11,49,57,34.166,13.018,23.056,44.554,49.466
53,6.1877174e-5,5.527191e-5,5.657662e-5,9.0512745e-5,9.453416e-5,6.424172e-5,5.3541437e-5,5.462005e-5,0.00013201132,0.00014220562,-3457.0774,-3514.0286,-3502.258,-3265.196,-3243.265,-3361.3604,-3433.526,-3427.0596,-3233.5083,-3186.7368,56.14492,16.125835,20.922693,96.67788,118.52817,14.344904,3.5109277,7.8858995,26.195286,28.352121,27,10,11,45,57,35.072,14.998,23.44,43.826,49.028
54,6.0729595e-5,5.427372e-5,5.645483e-5,9.0512745e-5,9.45342e-5,6.359978e-5,5.277222e-5,5.4360848e-5,0.00013188839,0.00014003443,-3466.5217,-3523.223,-3503.345,-3265.196,-3243.265,-3372.583,-3433.526,-3427.0596,-3234.541,-3186.9255,56.14492,16.125835,20.922693,94.48066,118.52817,14.246437,3.2556257,7.622637,26.191734,28.82945,27,10,11,44,57,35.368,15.572,23.632,45.886,50.416
55,6.065889e-5,5.5271925e-5,5.6511315e-5,8.9926834e-5,9.45342e-5,6.346427e-5,5.3541437e-5,5.454473e-5,0.0001286307,0.00014002161,-3467.1094,-3514.0283,-3502.8408,-3268.4724,-3243.265,-3378.377,-3433.526,-3427.0596,-3237.9602,-3186.9255,56.14492,17.703817,21.405012,96.67788,122.68705,14.047359,3.2556257,6.523265,26.191734,28.82945,27,11,13,45,56,36.502,17.44,23.486,46.516,50.416
56,6.065889e-5,5.3881533e-5,5.5906705e-5,8.9926834e-5,9.45342e-5,6.302076e-5,5.195965e-5,5.3901942e-5,0.0001286307,0.00014002161,-3467.1094,-3526.8816,-3508.2673,-3268.4724,-3243.265,-3379.2512,-3436.5156,-3431.9604,-3237.9602,-3186.9255,56.14492,17.703817,23.292873,96.67788,122.68705,14.683063,3.2556257,6.5536833,26.195286,30.580173,27,11,13,45,58,36.036,18.228,23.164,47.768,50.08
57,5.9823516e-5,5.3881533e-5,5.5906705e-5,8.9926834e-5,9.453415e-5,6.2732266e-5,5.21352e-5,5.388176e-5,0.0001286307,0.00014002161,-3474.1055,-3526.8816,-3508.2673,-3268.4724,-3243.2651,-3379.9004,-3438.329,-3431.9604,-3237.9602,-3189.932,56.14492,17.703817,24.14157,96.67788,122.68705,14.657618,3.2556257,6.516946,26.368088,30.538074,27,11,13,45,58,36.164,19.366,23.824,47.044,51.15
58,5.978216e-5,5.3881533e-5,5.5859004e-5,8.879757e-5,9.5348885e-5,6.2732266e-5,5.2222746e-5,5.390203e-5,0.000104996165,0.00014001348,-3474.4543,-3526.8816,-3508.698,-3274.848,-3238.936,-3387.1924,-3438.6997,-3432.5803,-3238.322,-3192.0024,56.14492,19.709354,24.14157,105.713806,122.68705,14.683063,3.2556257,6.134039,26.195286,29.255253,27,11,15,51,58,36.97,20.144,23.928,47.582,51.848
59,5.9588605e-5,5.3516393e-5,5.5563167e-5,8.879757e-5,9.5348885e-5,6.2193445e-5,5.2222746e-5,5.3600343e-5,0.000104996165,0.00014001348,-3476.0903,-3530.312,-3511.377,-3274.848,-3238.936,-3387.5322,-3438.6997,-3432.5803,-3238.728,-3192.0024,56.14492,19.709354,24.14157,97.73375,122.68705,14.871799,3.2556257,6.246542,26.031029,28.82945,27,11,15,47,58,37.34,20.162,24.732,47.812,51.268
60,5.9729944e-5,5.3516393e-5,5.5563167e-5,8.879757e-5,9.5348885e-5,6.126597e-5,5.1805167e-5,5.400226e-5,0.0001075062,0.00014001348,-3474.895,-3530.312,-3511.377,-3274.848,-3238.936,-3391.0737,-3442.771,-3433.526,-3240.9502,-3192.0024,56.431393,19.709354,24.14157,97.73375,122.68705,13.430197,3.2556257,6.134039,24.348293,26.368088,28,11,13,47,58,37.11,19.866,25.186,47.956,52.45
61,5.952395e-5,5.3881533e-5,5.5537195e-5,8.8588975e-5,9.5348885e-5,6.20731e-5,5.277222e-5,5.4149878e-5,0.00010308328,0.00013201132,-3476.6382,-3526.8816,-3511.6128,-3276.0342,-3238.936,-3395.933,-3445.8022,-3438.6558,-3246.3284,-3192.0024,56.14492,20.922693,25.296831,94.48066,107.664,13.223832,3.2556248,4.378037,22.365084,26.291588,27,11,13,45,51,37.244,21.26,25.904,49.29,53.466
62,5.952395e-5,5.3881533e-5,5.5537195e-5,8.7343724e-5,9.1251786e-5,6.0732727e-5,5.277222e-5,5.4149878e-5,9.5294374e-5,0.00013201132,-3476.6382,-3526.8816,-3511.6128,-3283.1763,-3261.0935,-3395.933,-3445.8022,-3438.6558,-3246.3284,-3223.7944,56.431393,20.922693,25.296831,94.48066,107.664,13.123836,3.2556252,4.378037,22.569994,26.291588,28,11,13,45,51,37.872,22.316,27.5,49.662,52.396
63,5.9331134e-5,5.3881533e-5,5.5271925e-5,8.695391e-5,9.1251786e-5,6.0485363e-5,5.2569234e-5,5.3838037e-5,9.5294374e-5,0.00013201132,-3478.275,-3526.8816,-3514.0283,-3285.4326,-3261.0935,-3400.4023,-3445.8022,-3438.6558,-3247.3389,-3223.7944,56.431393,20.922693,25.296831,103.616325,118.65012,13.112454,3.2556248,4.100782,22.423742,26.346737,28,11,15,49,54,37.576,23.522,27.872,49.382,52.25
64,5.9124224e-5,5.3516393e-5,5.527193e-5,8.695391e-5,9.1251786e-5,6.0083283e-5,5.1164996e-5,5.36615e-5,9.5294374e-5,0.00013201132,-3480.0376,-3530.312,-3514.0283,-3285.4326,-3261.0935,-3400.4023,-3446.4116,-3440.5889,-3247.3389,-3223.7944,57.12784,20.922693,25.296831,94.48066,109.86123,13.112454,3.2556248,4.100782,22.514252,26.291588,29,11,14,45,51,38.332,22.8,28.848,49.448,52.788
65,5.9034635e-5,5.289086e-5,5.527193e-5,8.695391e-5,9.0512745e-5,6.0083283e-5,5.2063886e-5,5.36615e-5,9.166597e-5,0.00013201132,-3480.8022,-3536.2437,-3514.0283,-3285.4326,-3265.196,-3401.4863,-3447.4893,-3440.2446,-3247.3389,-3223.7944,58.22436,20.922693,25.296831,94.48066,109.86123,13.332828,3.2556252,4.100782,23.748985,26.346737,29,11,14,45,51,38.86,23.812,29.564,49.692,52.35
66,5.9034635e-5,5.2720225e-5,5.5016066e-5,8.695391e-5,9.0512745e-5,5.9371494e-5,5.1725656e-5,5.3540265e-5,9.166597e-5,0.00013201132,-3480.8022,-3537.874,-3516.3691,-3285.4326,-3265.196,-3403.2854,-3450.5803,-3440.2446,-3247.3389,-3223.7944,59.128063,21.405012,25.296831,101.072334,112.05846,13.596518,3.2556248,3.2915988,23.453701,26.346737,29,11,15,46,51,39.162,24.352,30.0,50.032,52.42
67,5.8974532e-5,5.1349754e-5,5.5016066e-5,8.695391e-5,9.0512745e-5,5.90365e-5,5.1015264e-5,5.3624935e-5,9.166555e-5,0.00013201132,-3481.3164,-3551.1619,-3516.3691,-3285.4326,-3265.196,-3403.2854,-3451.2341,-3443.0144,-3254.416,-3230.872,58.22436,20.922693,24.14157,94.40599,107.664,13.596518,3.2556252,3.7778206,23.453701,26.346737,29,11,14,45,51,39.098,24.036,29.572,49.608,52.044
68,5.870047e-5,5.2575524e-5,5.527766e-5,8.695391e-5,9.0512745e-5,5.8946836e-5,5.1634543e-5,5.3868214e-5,9.166555e-5,0.00013201132,-3483.6663,-3539.2603,-3513.976,-3285.4326,-3265.196,-3403.7952,-3451.2341,-3443.0146,-3254.416,-3230.872,57.12784,17.703817,24.14157,94.40599,107.664,13.596518,3.2556248,3.2819972,22.70837,26.138395,29,11,14,45,51,39.05,24.348,29.416,50.572,51.972
69,5.8510315e-5,5.2575528e-5,5.527766e-5,8.695391e-5,9.0512745e-5,5.8946836e-5,5.163765e-5,5.3868214e-5,9.166555e-5,0.00013201132,-3485.303,-3539.2603,-3513.976,-3285.4326,-3265.196,-3406.184,-3451.3105,-3443.9065,-3254.599,-3230.872,57.12784,20.922693,24.14157,93.57487,107.664,13.336558,3.2556248,3.2556252,22.70837,26.138395,29,11,14,45,51,39.82,24.228,29.804,50.548,52.118
70,5.870047e-5,5.1349754e-5,5.527193e-5,8.6912805e-5,8.9926885e-5,5.998302e-5,5.1015264e-5,5.362495e-5,9.106832e-5,0.00012863244,-3483.6663,-3551.1619,-3514.0283,-3285.6714,-3268.4722,-3406.5977,-3451.3105,-3444.1357,-3255.128,-3234.6714,56.431393,20.922693,24.14157,94.48066,106.05152,13.131826,3.2556248,3.2819972,22.285053,25.9398,28,11,14,46,51,40.316,24.996,29.768,51.206,52.386
71,5.8510315e-5,5.154928e-5,5.527193e-5,8.6912805e-5,8.9926885e-5,5.8946836e-5,5.0635128e-5,5.354995e-5,9.106832e-5,0.00012863244,-3485.303,-3549.2058,-3514.0283,-3285.6714,-3268.4722,-3408.898,-3451.3105,-3444.1357,-3255.128,-3237.578,57.12784,20.922693,24.14157,94.40599,106.05152,13.112454,3.2556248,3.2556262,20.911102,25.9398,28,11,13,45,50,40.592,23.06,30.328,51.392,52.206
72,5.8272388e-5,5.154928e-5,5.5016066e-5,8.6912805e-5,8.9926885e-5,5.8384772e-5,4.9275648e-5,5.354035e-5,9.106832e-5,0.00012863244,-3487.359,-3549.2058,-3516.3691,-3285.6714,-3268.4722,-3410.3352,-3451.3105,-3445.02,-3255.128,-3237.578,58.22436,20.922693,24.953299,103.13324,107.664,12.918953,3.2556248,3.2556262,20.911102,25.383368,29,11,13,48,51,40.596,22.748,31.276,51.298,52.568
73,5.8403515e-5,5.154928e-5,5.4486743e-5,8.6912805e-5,8.9926885e-5,5.8384772e-5,4.9275648e-5,5.300001e-5,9.106832e-5,0.00012863244,-3486.2249,-3549.2058,-3521.2463,-3285.6714,-3268.4722,-3410.3352,-3451.3105,-3446.6733,-3255.128,-3237.578,57.12784,20.922693,24.953299,97.73375,109.86123,13.043158,3.2556248,3.2556262,20.824978,26.138395,29,11,13,47,51,40.134,23.856,30.852,52.202,53.904
74,5.8403515e-5,5.1249564e-5,5.4486743e-5,8.692611e-5,8.9926885e-5,5.7708534e-5,4.8668597e-5,5.300001e-5,9.024422e-5,0.00012863244,-3486.2249,-3552.1475,-3521.2463,-3285.5942,-3268.4722,-3410.686,-3459.7034,-3447.8699,-3255.128,-3237.578,57.12784,20.922693,24.953299,97.73375,109.86123,12.918953,3.2556248,3.2556252,20.824978,24.852173,28,11,13,47,51,40.948,24.972,31.244,52.216,53.228
75,5.8403515e-5,5.1249564e-5,5.4486743e-5,8.6912805e-5,8.9926885e-5,5.763392e-5,4.8668597e-5,5.2565312e-5,9.024422e-5,0.00012863244,-3486.2249,-3552.1475,-3521.2463,-3285.6714,-3268.4722,-3410.686,-3461.4053,-3447.8699,-3255.128,-3237.578,57.12784,20.922693,24.953299,94.48066,109.86123,12.890475,3.2556248,3.2556252,20.824978,26.138395,28,11,13,45,51,40.954,26.184,30.786,52.224,53.406
76,5.8272388e-5,5.0196562e-5,5.4486743e-5,8.463062e-5,8.9926885e-5,5.7631318e-5,4.8069905e-5,5.1218285e-5,8.938058e-5,0.00012863244,-3487.359,-3562.621,-3521.2463,-3299.0957,-3268.4722,-3410.686,-3462.0369,-3447.8699,-3258.8064,-3237.578,57.12784,20.922693,25.296831,96.67788,107.664,12.918953,3.2556248,3.2556248,20.205746,24.852173,28,11,13,46,50,41.374,26.04,31.008,51.872,53.368
77,5.8272388e-5,5.0514835e-5,5.4486743e-5,8.463062e-5,8.9926885e-5,5.8289697e-5,4.75533e-5,5.116995e-5,8.938058e-5,0.00012863244,-3487.359,-3559.4324,-3521.2463,-3299.0957,-3268.4722,-3411.242,-3462.0464,-3447.8699,-3258.8064,-3237.578,55.544544,20.922693,25.296831,96.67788,107.664,12.768491,3.2556248,3.2556252,20.205746,24.852173,27,11,13,46,51,42.206,26.616,31.2,51.654,54.324
78,5.7735822e-5,5.0196562e-5,5.4486743e-5,8.463062e-5,8.9926885e-5,5.7597787e-5,4.7280693e-5,5.1195668e-5,9.024422e-5,0.00012863244,-3492.0256,-3562.621,-3521.2463,-3299.0957,-3268.4722,-3414.9854,-3462.0464,-3447.8699,-3258.8113,-3237.578,55.544544,20.922693,25.296831,94.48066,105.918915,12.822246,3.2556248,3.2556252,20.205746,22.970177,27,11,13,43,49,42.156,28.744,31.25,51.64,54.796
79,5.7653924e-5,5.0196562e-5,5.4486743e-5,8.463062e-5,8.9926885e-5,5.7166675e-5,4.7280188e-5,5.119381e-5,8.938058e-5,0.00012863244,-3492.742,-3562.621,-3521.2463,-3299.0957,-3268.4722,-3415.1697,-3462.2705,-3448.9187,-3258.8125,-3237.578,57.12784,20.922693,25.296831,89.415985,105.46678,12.91696,3.2556248,3.2556252,20.824978,26.346737,28,11,13,43,49,42.194,29.048,32.208,52.236,54.722
80,5.7419802e-5,5.0196562e-5,5.4486743e-5,8.3937346e-5,8.9926885e-5,5.730637e-5,4.7279696e-5,5.119381e-5,8.8619294e-5,0.00012863244,-3494.7947,-3562.621,-3521.2463,-3303.2456,-3268.4722,-3415.5884,-3462.6797,-3451.3105,-3258.8125,-3237.578,57.12784,20.922693,27.360445,89.415985,97.73375,12.768491,3.2556252,3.2556252,20.824978,26.138395,27,11,16,43,49,42.796,28.556,31.84,52.288,55.04
81,5.737511e-5,5.0196562e-5,5.4486743e-5,8.3792074e-5,8.9926885e-5,5.7027784e-5,4.7280304e-5,5.220148e-5,8.8619294e-5,0.00012863244,-3495.1875,-3562.621,-3521.2463,-3304.1194,-3268.4722,-3417.2773,-3463.245,-3451.3105,-3258.8125,-3237.578,57.12784,20.922693,28.668152,89.415985,97.73375,12.822246,3.2556252,3.2556257,20.990955,25.93892,28,11,16,43,49,42.832,29.692,32.28,51.736,55.812
82,5.7419802e-5,4.9038706e-5,5.2933185e-5,8.3792074e-5,8.9926885e-5,5.730848e-5,4.6505793e-5,5.119381e-5,8.8619294e-5,0.00012863244,-3494.7947,-3574.3943,-3535.8403,-3304.1194,-3268.4722,-3417.311,-3467.3804,-3453.012,-3258.8125,-3237.578,57.12784,20.922693,28.668152,89.415985,97.73375,12.408397,3.2556252,3.2556257,21.392887,23.99263,28,11,16,43,49,43.12,28.996,31.954,52.88,54.956
83,5.7488334e-5,4.9038706e-5,5.2581563e-5,8.366736e-5,8.976221e-5,5.7028585e-5,4.577555e-5,5.0635128e-5,8.815296e-5,0.00010422523,-3494.193,-3574.3943,-3539.2026,-3304.8706,-3269.397,-3418.6467,-3467.3804,-3453.012,-3268.472,-3240.9575,57.12784,20.922693,28.668152,91.45778,107.664,12.424586,3.2556252,3.2556252,21.455723,23.99263,28,11,17,43,51,43.932,28.84,32.31,52.77,55.086
84,5.7384965e-5,4.9038706e-5,5.154928e-5,8.366735e-5,8.975755e-5,5.676247e-5,4.549644e-5,4.7775713e-5,8.815296e-5,0.00010422523,-3495.1008,-3574.3943,-3549.2058,-3304.8708,-3269.4229,-3418.6467,-3467.5337,-3453.012,-3268.472,-3241.0872,56.431393,20.922693,28.668152,92.28343,107.664,11.998783,3.2556252,3.2556257,20.205746,21.977638,28,11,17,43,51,44.19,28.304,32.542,53.244,54.77
85,5.7253856e-5,4.9038706e-5,5.0394232e-5,8.215654e-5,8.988925e-5,5.65609e-5,4.4562363e-5,4.7280304e-5,8.806159e-5,0.00010422523,-3496.255,-3574.3943,-3560.6387,-3314.064,-3268.683,-3420.1062,-3467.5337,-3462.6504,-3274.4407,-3245.3013,57.12784,20.922693,28.668152,94.48066,107.664,12.3971405,3.2556252,3.2556252,21.801643,26.346737,28,11,17,45,51,44.324,28.188,31.716,52.528,55.096
86,5.7253856e-5,4.9038706e-5,5.066481e-5,8.215654e-5,8.7343724e-5,5.65609e-5,4.4547305e-5,4.6505793e-5,8.736183e-5,0.00010422523,-3496.255,-3574.3943,-3557.9368,-3314.064,-3283.1763,-3421.932,-3473.4556,-3463.3452,-3282.1401,-3250.0303,56.14492,21.405012,27.360445,94.48066,103.616325,12.1395235,3.2556248,3.2556252,21.31686,26.346737,28,11,16,43,49,45.18,27.672,32.2,52.368,54.002
87,5.7253856e-5,4.9038706e-5,5.0129423e-5,8.215654e-5,8.722339e-5,5.6475696e-5,4.454696e-5,4.6505793e-5,8.695078e-5,0.00010537383,-3496.255,-3574.3943,-3563.2961,-3314.064,-3283.8716,-3422.0745,-3476.3528,-3464.035,-3282.1401,-3252.7346,56.14492,21.405012,27.360445,94.48066,99.01116,12.1395235,3.2556248,3.2556252,21.282578,26.346737,29,12,16,43,49,45.156,28.064,32.752,52.604,54.768
88,5.7253852e-5,4.9038706e-5,5.0129423e-5,8.215654e-5,8.7223314e-5,5.6707187e-5,4.454696e-5,4.6505793e-5,8.695078e-5,0.0001053737,-3496.255,-3574.3943,-3563.2961,-3314.064,-3283.872,-3423.815,-3476.3528,-3464.035,-3282.1401,-3252.7349,56.14492,21.405012,27.360445,94.48066,105.50739,12.424586,3.2556248,3.2556252,20.591473,26.346737,28,12,16,43,49,45.564,27.428,32.412,52.844,55.396
89,5.715955e-5,4.8359903e-5,5.0028426e-5,8.215654e-5,8.7223314e-5,5.65609e-5,4.5331155e-5,4.650572e-5,8.695078e-5,0.0001053737,-3497.0867,-3581.4265,-3564.314,-3314.064,-3283.872,-3423.815,-3480.031,-3464.035,-3282.1401,-3252.7349,56.14492,21.405012,27.360445,94.48066,107.664,12.424586,3.2556248,3.2556252,20.591473,26.346737,28,12,16,43,49,44.8,28.928,33.232,53.684,56.904
90,5.7172067e-5,4.8359903e-5,5.0028426e-5,8.215654e-5,8.7223314e-5,5.6475696e-5,4.5238216e-5,4.650572e-5,8.695078e-5,0.0001053737,-3496.976,-3581.4265,-3564.314,-3314.064,-3283.872,-3424.4614,-3485.31,-3464.035,-3282.1401,-3252.7349,56.14492,21.405012,27.360445,98.87511,110.2104,12.840345,3.2556248,3.2556252,21.31686,26.138395,28,12,16,45,50,45.708,28.988,33.832,53.514,56.796
91,5.715955e-5,4.8359932e-5,5.0028426e-5,8.215654e-5,8.7223314e-5,5.6532233e-5,4.4899483e-5,4.6098274e-5,8.695078e-5,0.0001053737,-3497.0867,-3581.4263,-3564.314,-3314.064,-3283.872,-3424.4614,-3484.4875,-3464.035,-3282.1401,-3252.7349,56.14492,21.405012,27.360445,98.87511,110.2104,12.793823,3.2556248,3.2556252,20.735176,25.545578,28,12,16,44,49,45.67,29.792,33.276,54.2,56.474
92,5.715955e-5,4.8359892e-5,5.012941e-5,8.215654e-5,8.7223314e-5,5.6532233e-5,4.491318e-5,4.6098274e-5,8.695078e-5,0.0001053737,-3497.0867,-3581.4265,-3563.2964,-3314.064,-3283.872,-3425.3806,-3489.352,-3464.035,-3282.1401,-3252.7349,56.14492,21.405012,27.360445,94.48066,107.664,12.6724415,3.2556248,3.2556252,19.331234,24.084288,27,12,16,43,47,45.996,30.18,32.76,53.65,55.742
93,5.7128862e-5,4.844554e-5,5.012941e-5,8.215654e-5,8.7223314e-5,5.6475863e-5,4.4536326e-5,4.6098274e-5,8.695078e-5,0.0001053737,-3497.3574,-3580.5342,-3563.2964,-3314.064,-3283.872,-3425.9907,-3489.352,-3464.035,-3282.1401,-3252.7349,56.431393,21.405012,27.360445,94.48066,105.50739,12.424586,3.2556248,3.2556252,21.31686,25.545578,28,12,16,43,47,46.732,29.932,33.256,55.236,56.534
94,5.7127792e-5,4.844554e-5,5.012941e-5,8.215654e-5,8.7223314e-5,5.6449197e-5,4.4518314e-5,4.6438e-5,8.695078e-5,0.0001053737,-3497.3667,-3580.5342,-3563.2964,-3314.064,-3283.872,-3426.2683,-3489.352,-3467.3804,-3282.1401,-3252.7349,56.14492,21.405012,27.360445,94.48066,103.1095,12.424586,3.2556248,3.2556252,21.31686,24.403118,27,12,16,43,45,47.18,30.528,33.076,54.776,56.658
95,5.7127792e-5,4.844554e-5,5.012941e-5,8.215654e-5,8.7223314e-5,5.6282028e-5,4.4528224e-5,4.6438e-5,8.695078e-5,0.0001053737,-3497.3667,-3580.5342,-3563.2964,-3314.064,-3283.872,-3426.4553,-3489.352,-3467.3804,-3282.1401,-3252.7349,56.14492,21.501114,28.668152,94.48066,99.01116,12.183901,3.2556248,3.2556252,20.144146,23.598759,27,12,16,43,47,46.814,31.91,33.042,53.912,55.912
96,5.7127792e-5,4.844554e-5,5.012941e-5,8.215654e-5,8.7223314e-5,5.5874003e-5,4.4528224e-5,4.6438e-5,8.695078e-5,0.0001053737,-3497.3667,-3580.5342,-3563.2964,-3314.064,-3283.872,-3427.57,-3490.962,-3467.3804,-3282.1401,-3252.7349,56.14492,21.501114,28.668152,90.086205,98.87511,11.699408,3.2556248,3.2556252,21.142948,22.993155,27,12,16,43,47,47.324,31.664,33.362,54.172,55.34
97,5.711508e-5,4.844554e-5,4.946924e-5,8.215654e-5,8.749612e-5,5.5541444e-5,4.4432192e-5,4.6098274e-5,8.695078e-5,0.00010422523,-3497.4795,-3580.5342,-3569.9844,-3314.064,-3282.2966,-3427.57,-3490.962,-3469.1526,-3282.1401,-3255.0957,56.14492,21.405012,28.668152,90.086205,98.87511,11.699408,3.2556248,3.2556252,21.142948,22.993155,28,12,16,43,47,47.06,31.562,33.156,54.42,56.444
98,5.7128862e-5,4.8359892e-5,4.9285627e-5,8.215654e-5,8.722332e-5,5.5541444e-5,4.4432192e-5,4.6098274e-5,8.6950706e-5,0.00010537287,-3497.3574,-3581.4265,-3571.8604,-3314.064,-3283.872,-3427.57,-3490.962,-3470.9858,-3282.1401,-3255.0957,56.14492,21.405012,28.668152,90.086205,98.87511,11.699408,3.2556248,3.2556252,21.142948,22.361744,28,12,16,43,47,47.2,30.456,33.108,53.868,55.904
99,5.7128622e-5,4.8359892e-5,4.9285598e-5,8.215654e-5,8.722332e-5,5.5541444e-5,4.4432192e-5,4.6098274e-5,8.6950706e-5,0.00010537287,-3497.3596,-3581.4265,-3571.8608,-3314.064,-3283.872,-3427.57,-3490.962,-3471.8062,-3282.1401,-3255.0957,56.14492,21.405012,28.668152,91.37973,98.87511,11.699408,3.2556248,3.2556252,20.6347,22.335382,28,12,16,43,47,47.024,30.996,33.548,54.972,55.726
100,5.704313e-5,4.8359892e-5,4.9285598e-5,7.16946e-5,8.722332e-5,5.5541444e-5,4.4432192e-5,4.6098274e-5,8.448695e-5,0.00010537287,-3498.115,-3581.4265,-3571.8608,-3382.7825,-3283.872,-3427.6467,-3490.962,-3471.8062,-3318.0007,-3255.0957,57.12784,21.405012,33.08047,94.48066,107.664,11.201967,3.2556243,3.2556248,20.550062,21.977638,28,12,16,44,49,47.356,31.236,33.532,54.156,56.444
101,5.704313e-5,4.8359892e-5,4.936723e-5,7.16946e-5,8.722332e-5,5.5541444e-5,4.4118515e-5,4.6438e-5,8.448695e-5,0.00010537287,-3498.115,-3581.4265,-3571.026,-3382.7825,-3283.872,-3428.2798,-3490.962,-3471.9343,-3318.8665,-3255.0957,56.14492,21.405012,33.271065,94.48066,107.664,11.201967,3.2556248,3.2556252,20.550062,21.977638,27,12,16,44,49,47.026,31.084,34.518,54.514,56.812
102,5.704313e-5,4.819322e-5,4.9289345e-5,7.16946e-5,8.722332e-5,5.5502325e-5,4.361967e-5,4.577555e-5,8.448695e-5,0.00010537287,-3498.115,-3583.1687,-3571.8225,-3382.7825,-3283.872,-3429.288,-3490.962,-3477.6514,-3322.7861,-3255.0957,56.14492,21.405012,33.271065,94.48066,107.664,11.201967,3.2556248,3.2556248,20.6347,22.708942,27,12,16,45,47,47.034,31.332,34.844,55.458,57.596
103,5.704313e-5,4.819322e-5,4.9289345e-5,7.16946e-5,8.722332e-5,5.5502325e-5,4.361967e-5,4.576767e-5,8.448695e-5,0.00010537287,-3498.115,-3583.1687,-3571.8225,-3382.7825,-3283.872,-3429.288,-3490.962,-3477.6514,-3323.6414,-3255.0957,56.14492,21.405012,33.271065,93.57487,107.664,11.699408,3.2556248,3.2556248,20.597836,22.708942,27,12,16,43,47,47.632,30.2,34.936,54.88,57.01
104,5.704313e-5,4.819322e-5,4.9289345e-5,7.172833e-5,8.722332e-5,5.5502325e-5,4.361967e-5,4.575688e-5,8.573064e-5,0.00010537287,-3498.115,-3583.1687,-3571.8225,-3382.5452,-3283.872,-3429.8906,-3490.9622,-3477.6514,-3323.6414,-3255.0957,56.14492,21.405012,33.271065,93.57487,107.664,11.699408,3.2556248,3.2556248,20.550062,21.977638,27,12,16,43,47,47.76,29.808,34.844,54.72,56.772
105,5.673336e-5,4.819322e-5,4.9289345e-5,7.172833e-5,8.722332e-5,5.548756e-5,4.361967e-5,4.575688e-5,8.697835e-5,0.00010537287,-3500.8623,-3583.1687,-3571.8225,-3382.5452,-3283.872,-3430.3906,-3490.9622,-3477.6514,-3323.6414,-3255.0957,56.14492,21.405012,33.798195,94.48066,107.664,10.6467495,3.2556248,3.2556252,20.342558,21.977638,27,12,17,44,47,47.78,31.444,34.012,55.084,57.412
106,5.6688616e-5,4.819322e-5,4.9288123e-5,7.172833e-5,8.722332e-5,5.548756e-5,4.3510234e-5,4.549644e-5,8.697835e-5,0.00010537287,-3501.2603,-3583.1687,-3571.8347,-3382.5452,-3283.872,-3430.3906,-3494.2207,-3477.6514,-3332.7773,-3255.0957,57.12784,21.405012,33.798195,90.086205,97.73375,10.258641,3.2556248,3.2556252,20.79041,22.809807,27,12,17,43,47,48.004,30.64,35.544,55.438,56.788
107,5.673336e-5,4.786132e-5,4.9038706e-5,6.6462744e-5,8.722332e-5,5.548756e-5,4.361967e-5,4.549644e-5,8.697835e-5,0.00010537287,-3500.8623,-3586.655,-3574.3943,-3421.0105,-3283.872,-3430.3906,-3495.278,-3483.7515,-3333.921,-3255.0957,59.32506,21.405012,33.798195,90.086205,97.73375,10.17466,3.2556243,3.2556252,20.79041,22.708942,28,12,17,43,45,47.804,30.37,35.152,55.032,57.352
108,5.6688627e-5,4.7853548e-5,4.844554e-5,6.537676e-5,8.722332e-5,5.5324403e-5,4.248107e-5,4.549644e-5,8.697835e-5,0.00010537287,-3501.26,-3586.7368,-3580.5342,-3429.322,-3283.872,-3430.7017,-3498.6145,-3484.5242,-3368.4785,-3255.0957,60.303806,21.405012,33.08047,90.086205,97.73375,10.17466,3.2556248,3.2556252,20.79041,22.993155,28,12,17,43,45,48.556,29.89,35.58,54.59,56.92
109,5.6687346e-5,4.7852653e-5,4.844554e-5,6.537676e-5,8.722332e-5,5.5324403e-5,4.248107e-5,4.549644e-5,8.697835e-5,0.00010537287,-3501.2717,-3586.746,-3580.5342,-3429.322,-3283.872,-3431.5918,-3500.297,-3484.6155,-3368.5212,-3255.0957,57.12784,21.405012,30.459911,90.086205,97.73375,11.201967,3.2556248,3.2556252,21.31686,23.967304,28,12,17,43,47,48.372,28.912,35.296,54.644,57.148
110,5.668477e-5,4.7852653e-5,4.844554e-5,6.537676e-5,8.722332e-5,5.5187746e-5,4.248107e-5,4.549644e-5,8.697835e-5,0.00010537287,-3501.2944,-3586.746,-3580.5342,-3429.322,-3283.872,-3431.811,-3500.297,-3484.6155,-3368.5647,-3255.1526,60.303806,21.405012,30.459911,90.086205,97.73375,10.4773655,3.2556248,3.2556252,21.977638,25.620417,29,12,17,43,47,48.608,29.858,34.418,55.726,58.032
111,5.646095e-5,4.7852653e-5,4.844554e-5,6.537676e-5,8.722332e-5,5.5086966e-5,4.248107e-5,4.549644e-5,8.697835e-5,0.00010537287,-3503.2905,-3586.746,-3580.5342,-3429.322,-3283.872,-3433.5417,-3500.297,-3484.6155,-3381.5405,-3255.151,60.303806,21.405012,30.459911,90.086205,98.87511,9.935608,3.2556248,3.2556252,21.977638,25.620417,29,12,17,43,47,48.22,30.412,34.924,56.232,57.728
112,5.643982e-5,4.7852653e-5,4.844554e-5,6.537676e-5,8.722332e-5,5.5086966e-5,4.248107e-5,4.549644e-5,8.697835e-5,0.00010537287,-3503.4792,-3586.746,-3580.5342,-3429.322,-3283.872,-3433.5417,-3500.297,-3484.6155,-3381.5405,-3255.151,60.303806,21.405012,30.459911,90.086205,98.87511,10.944968,3.2556248,3.2556252,21.977638,25.620417,29,12,17,43,47,48.78,31.972,35.68,56.572,57.906
113,5.6518984e-5,4.7819907e-5,4.844554e-5,6.537676e-5,8.722332e-5,5.5027806e-5,4.2893553e-5,4.549644e-5,8.697835e-5,0.00010537287,-3502.7722,-3587.0916,-3580.5342,-3429.322,-3283.872,-3433.5417,-3500.297,-3489.352,-3381.5405,-3255.151,57.12784,21.405012,30.459911,90.086205,97.73375,9.935608,3.2556248,3.2556252,21.977638,24.583284,29,12,17,43,45,48.652,30.916,35.872,56.938,57.632
114,5.6518984e-5,4.7819907e-5,4.844554e-5,6.134937e-5,8.722332e-5,5.5027806e-5,4.2893553e-5,4.549644e-5,6.917907e-5,0.00010537287,-3502.7722,-3587.0916,-3580.5342,-3461.3992,-3283.872,-3436.004,-3500.297,-3489.352,-3381.5405,-3255.151,57.12784,21.405012,30.459911,90.086205,97.73375,10.944968,3.2556248,3.2556252,22.120596,24.430573,29,12,17,43,45,48.736,32.276,36.084,56.588,58.2
115,5.646095e-5,4.7761645e-5,4.844554e-5,6.134937e-5,8.722329e-5,5.5086966e-5,4.248107e-5,4.4148255e-5,6.917907e-5,0.000105372885,-3503.2905,-3587.7063,-3580.5342,-3461.3992,-3283.8723,-3437.5955,-3503.0095,-3489.352,-3381.5405,-3255.151,57.12784,21.405012,30.459911,93.57487,100.7116,10.258767,3.2556248,3.2556252,21.977638,24.430573,29,12,17,43,45,49.276,32.178,35.634,56.976,58.782
116,5.6437915e-5,4.7761645e-5,4.844554e-5,6.134937e-5,8.722329e-5,5.495191e-5,4.248107e-5,4.4148255e-5,6.917907e-5,0.000105372885,-3503.496,-3587.7063,-3580.5342,-3461.3992,-3283.8723,-3437.913,-3503.0095,-3489.352,-3382.4792,-3255.151,56.431393,21.405012,30.459911,93.57487,100.7116,10.944968,3.2556248,3.2556248,20.6347,24.135931,29,12,17,43,45,49.092,32.914,35.712,57.24,58.748
117,5.6386627e-5,4.7819907e-5,4.844554e-5,6.134937e-5,8.722329e-5,5.4838925e-5,4.248107e-5,4.4148255e-5,6.917907e-5,0.000105372885,-3503.9548,-3587.0916,-3580.5342,-3461.3992,-3283.8723,-3437.913,-3503.0095,-3489.352,-3382.4792,-3255.151,56.431393,21.405012,30.459911,90.086205,100.7116,10.944968,3.2556248,3.2556248,20.6347,24.135931,28,12,17,43,45,49.084,32.636,34.268,56.456,58.804
118,5.6386627e-5,4.7819907e-5,4.819867e-5,6.134937e-5,8.722329e-5,5.470689e-5,4.187151e-5,4.405957e-5,6.917907e-5,0.000105372885,-3503.9548,-3587.0916,-3583.1116,-3461.3992,-3283.8723,-3437.913,-3503.0095,-3489.352,-3389.193,-3255.151,56.431393,21.405012,30.459911,94.48066,103.1095,11.201967,3.2556248,3.2556248,20.6347,24.135931,29,12,17,43,47,48.758,31.228,34.708,56.04,58.724
119,5.6386627e-5,4.7819907e-5,4.832108e-5,6.1757666e-5,8.722329e-5,5.4838925e-5,4.187151e-5,4.405957e-5,7.0988215e-5,0.000105372885,-3503.9548,-3587.0916,-3581.8315,-3458.0525,-3283.8723,-3439.1743,-3503.0095,-3489.352,-3394.9712,-3255.151,56.14492,21.405012,30.459911,94.48066,100.7116,11.095112,3.2556248,3.2556248,18.290262,24.135931,27,12,17,42,47,48.656,29.74,35.658,55.664,57.828
120,5.6437915e-5,4.7761645e-5,4.819456e-5,6.175735e-5,8.722329e-5,5.4586802e-5,4.187151e-5,4.3535845e-5,7.098823e-5,0.000105372885,-3503.496,-3587.7063,-3583.1545,-3458.055,-3283.8723,-3439.563,-3503.0095,-3489.352,-3395.0366,-3255.151,55.544544,21.405012,30.459911,97.73375,100.7116,10.944968,3.2556248,3.2556248,18.290262,24.430573,27,12,17,43,47,49.35,30.132,37.084,56.856,58.162
121,5.6437915e-5,4.7761645e-5,4.819456e-5,6.1757084e-5,8.722329e-5,5.4586802e-5,4.187151e-5,4.3535845e-5,7.0988426e-5,0.000105372885,-3503.496,-3587.7063,-3583.1545,-3458.0574,-3283.8723,-3439.563,-3503.0095,-3489.352,-3394.2358,-3255.151,55.544544,21.405012,30.459911,95.91581,100.7116,10.944968,3.2556248,3.2556248,19.205208,24.430573,27,12,17,43,45,50.022,31.144,36.946,56.162,57.642
122,5.6444063e-5,4.7761645e-5,4.819456e-5,6.1756844e-5,8.722329e-5,5.4933247e-5,4.187151e-5,4.405957e-5,7.098851e-5,0.000105372885,-3503.4417,-3587.7063,-3583.1545,-3458.0593,-3283.8723,-3440.861,-3503.0095,-3489.352,-3394.3118,-3255.151,55.544544,21.405012,30.459911,94.40599,99.01116,10.944968,3.2556248,3.2556248,20.6347,24.135931,27,12,16,42,45,49.98,30.564,37.426,55.796,58.288
123,5.6444063e-5,4.7761645e-5,4.819456e-5,6.2007326e-5,8.722329e-5,5.464562e-5,4.187151e-5,4.3535845e-5,7.09886e-5,0.000105372885,-3503.4417,-3587.7063,-3583.1545,-3456.017,-3283.8723,-3442.9397,-3503.0095,-3490.9622,-3395.2202,-3255.151,56.431393,21.405012,29.188652,93.57487,99.01116,10.78865,3.2556248,3.2556248,20.6347,24.135931,28,12,16,41,45,50.176,30.92,36.9,55.832,57.124
124,5.6444063e-5,4.7761645e-5,4.819456e-5,6.175652e-5,8.722329e-5,5.4617605e-5,4.1911935e-5,4.3330834e-5,7.0988666e-5,0.000105372885,-3503.4417,-3587.7063,-3583.1545,-3458.062,-3283.8723,-3442.9397,-3503.0095,-3490.9622,-3398.67,-3255.151,56.431393,21.405012,30.459911,93.57487,99.01116,9.935608,3.2556248,3.2556248,19.882797,21.977638,28,12,17,43,45,49.808,29.912,37.08,54.952,57.68
125,5.6444063e-5,4.7761638e-5,4.819456e-5,6.1756306e-5,8.722329e-5,5.4617707e-5,4.1911935e-5,4.3330834e-5,7.098886e-5,0.000105372885,-3503.4417,-3587.7065,-3583.1545,-3458.0637,-3283.8723,-3442.9397,-3503.0095,-3490.9622,-3400.8428,-3255.151,56.431393,21.501114,30.459911,93.57487,99.01116,10.258767,3.2556243,3.2556248,18.819138,21.977638,27,13,17,43,45,49.888,31.428,37.822,55.78,58.424
126,5.646095e-5,4.7761638e-5,4.819456e-5,6.1756225e-5,8.722329e-5,5.493341e-5,4.1911935e-5,4.3330834e-5,7.098903e-5,0.000105372885,-3503.2905,-3587.7065,-3583.1545,-3458.0645,-3283.8723,-3443.4597,-3503.0095,-3490.9622,-3399.461,-3255.151,55.262043,21.501114,30.459911,93.57487,99.01116,10.663829,3.2556243,3.2556248,19.094275,21.977638,27,13,17,43,45,50.038,31.116,37.566,56.284,57.45
127,5.6436696e-5,4.7761638e-5,4.819456e-5,6.175613e-5,8.722329e-5,5.4617707e-5,4.1911935e-5,4.3330834e-5,7.098908e-5,0.000105372885,-3503.5073,-3587.7065,-3583.1545,-3458.0652,-3283.8723,-3444.2524,-3503.0095,-3490.9622,-3401.2913,-3255.151,56.431393,21.501114,30.459911,94.48066,99.01116,10.663829,3.2556248,3.2556248,18.287395,21.793612,27,13,17,43,45,49.978,32.968,37.94,56.076,57.816
128,5.6436696e-5,4.7761638e-5,4.8284925e-5,6.1756e-5,8.722329e-5,5.48831e-5,4.1911935e-5,4.2945292e-5,7.098929e-5,0.000105372885,-3503.5073,-3587.7065,-3582.2092,-3458.0662,-3283.8723,-3445.0188,-3503.0095,-3490.9622,-3398.9563,-3255.151,56.431393,21.501114,30.459911,94.48066,99.01116,10.663829,3.2556248,3.2556248,18.290262,21.90272,27,13,17,43,45,50.808,32.8,37.104,56.652,58.42
129,5.6436696e-5,4.7761638e-5,4.8284925e-5,6.1754035e-5,8.722329e-5,5.48831e-5,4.1911935e-5,4.2945125e-5,7.0922084e-5,0.000105372885,-3503.5073,-3587.7065,-3582.2092,-3458.0713,-3283.8723,-3446.7354,-3503.0095,-3490.9622,-3402.4004,-3255.151,56.431393,21.501114,30.459911,94.48066,99.01116,10.663829,3.2556248,3.2556248,18.287395,21.31686,27,13,17,43,45,51.244,33.148,37.528,56.608,58.06
130,5.6386612e-5,4.7252026e-5,4.819456e-5,6.104449e-5,8.722329e-5,5.48831e-5,4.1871022e-5,4.2943313e-5,6.837921e-5,0.000105372885,-3503.955,-3593.1187,-3583.1545,-3463.9124,-3283.8723,-3446.7354,-3505.7788,-3490.9622,-3402.4004,-3255.151,56.431393,21.501114,30.459911,94.48066,99.01116,10.944968,3.2556248,3.2556248,18.287395,21.977638,27,13,17,43,47,50.88,33.08,37.276,57.14,59.292
131,5.610494e-5,4.7252026e-5,4.819456e-5,6.104449e-5,8.722329e-5,5.452472e-5,4.186661e-5,4.2943313e-5,6.837875e-5,0.000105372885,-3506.4814,-3593.1187,-3583.1545,-3463.9124,-3283.8723,-3447.6428,-3505.7788,-3490.9622,-3402.4004,-3255.151,60.303806,21.501114,30.459911,95.91581,103.269554,10.724955,3.2556248,3.2556248,18.272305,21.31686,29,13,17,43,47,50.996,31.588,37.652,56.972,59.62
132,5.6301385e-5,4.7252026e-5,4.819456e-5,6.104449e-5,8.722329e-5,5.452472e-5,4.186661e-5,4.2944055e-5,6.837875e-5,0.000105372885,-3504.7183,-3593.1187,-3583.1545,-3463.9124,-3283.8723,-3447.7346,-3505.7788,-3490.9622,-3402.4004,-3255.151,56.14492,20.922693,29.188652,93.57487,99.01116,11.353204,3.2556248,3.2556248,18.272305,21.31686,27,13,16,43,47,50.684,31.452,37.816,57.12,61.126
133,5.610171e-5,4.7252026e-5,4.819456e-5,6.104441e-5,8.722329e-5,5.4468695e-5,4.173901e-5,4.2944055e-5,6.837875e-5,0.000105372885,-3506.5105,-3593.1187,-3583.1545,-3463.9133,-3283.8723,-3447.7346,-3510.0645,-3500.297,-3403.0122,-3255.151,59.32506,20.922693,29.188652,93.57487,99.01116,10.724955,3.2556248,3.2556248,18.272305,20.6347,27,13,16,43,47,50.324,30.444,37.634,57.864,60.212
134,5.6002504e-5,4.7252026e-5,4.819456e-5,6.104441e-5,8.722329e-5,5.444239e-5,4.173901e-5,4.3330834e-5,6.837875e-5,0.000105372885,-3507.4033,-3593.1187,-3583.1545,-3463.9133,-3283.8723,-3447.7983,-3510.0645,-3500.297,-3403.0122,-3255.151,60.303806,20.922693,29.188652,93.57487,99.01116,10.51812,3.2556248,3.2556248,18.272305,20.6347,28,13,16,43,47,50.976,32.24,37.352,56.504,59.888
135,5.59591e-5,4.7252026e-5,4.819456e-5,6.104441e-5,8.722329e-5,5.4455017e-5,4.173901e-5,4.3330834e-5,6.837875e-5,0.000105372885,-3507.7944,-3593.1187,-3583.1545,-3463.9133,-3283.8723,-3448.661,-3510.0645,-3500.297,-3403.0122,-3255.151,60.303806,20.922693,29.188652,90.086205,99.01116,10.724955,3.2556248,3.2556252,18.287395,20.5095,29,13,16,43,47,50.616,32.994,38.676,56.862,58.756
136,5.59591e-5,4.7252026e-5,4.7988797e-5,6.104441e-5,8.691283e-5,5.444239e-5,4.173901e-5,4.2893553e-5,6.837875e-5,0.00010422566,-3507.7944,-3593.1187,-3585.3127,-3463.9133,-3285.6711,-3448.7197,-3510.0645,-3500.297,-3403.0122,-3257.0525,60.303806,20.922693,30.459911,90.086205,99.01116,10.724955,3.2556248,3.2556248,19.677258,21.977638,29,13,17,43,47,50.48,32.108,38.352,58.198,60.426
137,5.59591e-5,4.7252026e-5,4.7988797e-5,6.104441e-5,8.691283e-5,5.415258e-5,4.173901e-5,4.2893553e-5,6.837875e-5,0.00010422566,-3507.7944,-3593.1187,-3585.3127,-3463.9133,-3285.6711,-3448.9136,-3510.0645,-3500.297,-3403.0122,-3257.0525,60.303806,20.922693,30.459911,89.415985,99.01116,10.724955,3.2556248,3.2556248,18.290262,21.977638,28,13,17,43,47,50.162,32.818,38.06,58.048,60.776
138,5.59591e-5,4.7252026e-5,4.7988797e-5,6.104441e-5,8.691283e-5,5.415258e-5,4.1735057e-5,4.2480195e-5,6.837875e-5,0.00010422566,-3507.7944,-3593.1187,-3585.3127,-3463.9133,-3285.6711,-3448.9136,-3510.0645,-3500.297,-3403.0122,-3257.0525,60.303806,20.922693,30.459911,94.48066,106.05152,10.428188,3.2556248,3.2556248,20.082403,22.209883,28,13,17,43,49,50.708,33.7,39.056,58.324,60.1
139,5.6002504e-5,4.527531e-5,4.7895373e-5,6.104441e-5,8.691283e-5,5.415258e-5,4.1735057e-5,4.2480195e-5,6.837875e-5,0.00010422566,-3507.4033,-3614.6777,-3586.2957,-3463.9133,-3285.6711,-3448.9136,-3510.0645,-3500.297,-3403.0122,-3257.0525,56.431393,20.922693,29.188652,94.48066,115.12926,10.428188,3.2556248,3.2556248,19.875841,22.209883,27,13,17,43,50,50.36,33.3,39.012,57.874,60.208
140,5.6002504e-5,4.402805e-5,4.7853548e-5,6.104441e-5,8.691283e-5,5.419157e-5,4.172521e-5,4.1924344e-5,6.837875e-5,0.00010422566,-3507.4033,-3628.7708,-3586.7368,-3463.9133,-3285.6711,-3449.0183,-3510.0645,-3500.297,-3403.0122,-3257.0525,55.544544,20.922693,29.188652,95.91581,117.49687,10.414288,3.2556248,3.2556248,19.677258,22.209883,27,13,17,43,51,50.388,33.848,39.216,57.9,59.97
141,5.59591e-5,4.402805e-5,4.7853548e-5,6.104441e-5,8.691283e-5,5.415258e-5,4.172521e-5,4.1924344e-5,6.837875e-5,0.00010422566,-3507.7944,-3628.7708,-3586.7368,-3463.9133,-3285.6711,-3449.0183,-3510.0645,-3500.297,-3403.0122,-3257.0525,56.431393,20.922693,29.188652,97.73375,117.49687,10.414288,3.2556248,3.2556248,19.677258,22.209698,27,13,17,43,51,50.612,33.076,39.104,57.728,59.708
142,5.59591e-5,4.402805e-5,4.7853548e-5,6.104441e-5,8.691283e-5,5.415258e-5,4.172521e-5,4.1924344e-5,6.837875e-5,0.00010422566,-3507.7944,-3628.7708,-3586.7368,-3463.9133,-3285.6711,-3449.0183,-3510.0645,-3500.297,-3403.0122,-3257.0525,56.431393,20.922693,29.188652,97.73375,115.12926,10.414279,3.2556248,3.2556248,19.389948,21.977638,27,13,17,43,50,49.86,34.148,39.85,57.58,60.524
143,5.59591e-5,4.402805e-5,4.7895377e-5,6.104441e-5,8.691283e-5,5.415258e-5,4.172521e-5,4.290984e-5,6.837875e-5,0.00010422566,-3507.7944,-3628.7708,-3586.296,-3463.9133,-3285.6711,-3449.0183,-3510.0645,-3501.702,-3403.0122,-3257.0525,56.431393,20.922693,30.459911,97.73375,115.12926,10.466448,3.2556248,3.2556248,19.875841,22.140816,27,13,17,43,50,50.78,34.202,39.564,58.246,60.528
144,5.59591e-5,4.402805e-5,4.7895377e-5,6.0572653e-5,8.691283e-5,5.415258e-5,4.0566512e-5,4.290984e-5,6.455165e-5,0.00010422566,-3507.7944,-3628.7708,-3586.296,-3467.8271,-3285.6711,-3449.0183,-3510.0645,-3501.702,-3411.5022,-3257.0525,56.431393,20.922693,30.459911,98.313705,120.84735,10.7059,3.2556248,3.2556248,19.875841,22.209698,27,13,17,47,51,51.266,33.88,40.204,58.388,60.75
145,5.564625e-5,4.1832624e-5,4.7311005e-5,6.052281e-5,8.691283e-5,5.39445e-5,3.634124e-5,4.173901e-5,6.455165e-5,0.00010422566,-3510.623,-3654.5764,-3592.4893,-3468.2424,-3285.6711,-3450.636,-3526.6301,-3503.3909,-3412.485,-3257.0525,60.303806,20.922693,30.459911,98.313705,120.84735,10.837559,3.2556248,3.2556248,19.875841,23.251055,29,13,17,47,52,50.982,33.728,40.356,58.512,61.14
146,5.564625e-5,4.1832624e-5,4.7311005e-5,6.052281e-5,8.691283e-5,5.39445e-5,3.634124e-5,4.1924344e-5,6.455165e-5,0.00010422566,-3510.623,-3654.5764,-3592.4893,-3468.2424,-3285.6711,-3450.8337,-3526.6301,-3503.3909,-3414.0627,-3257.0525,60.303806,20.922693,30.459911,97.73375,120.84735,10.724955,3.2556248,3.2556248,19.875841,25.04358,29,13,17,44,51,50.952,32.484,39.864,57.924,60.332
147,5.564625e-5,4.1832624e-5,4.7311005e-5,6.052281e-5,8.691283e-5,5.39445e-5,3.634124e-5,4.1924344e-5,6.3442945e-5,0.00010422566,-3510.623,-3654.5764,-3592.4893,-3468.2424,-3285.6711,-3450.8337,-3526.6301,-3503.3909,-3414.049,-3257.0525,60.303806,20.922693,30.459911,97.73375,120.84735,10.724955,3.2556248,3.2556248,18.510746,25.04358,29,13,17,44,51,51.272,33.08,40.46,57.984,60.244
148,5.564625e-5,4.1832624e-5,4.7311005e-5,6.052281e-5,8.691283e-5,5.39445e-5,3.634124e-5,4.1924344e-5,6.3442945e-5,0.00010422566,-3510.623,-3654.5764,-3592.4893,-3468.2424,-3285.6711,-3450.8337,-3526.6301,-3503.3909,-3414.0361,-3257.0525,60.303806,20.922693,30.459911,97.73375,117.49687,10.724955,3.2556248,3.2556248,18.290262,23.031054,29,13,17,44,51,51.62,32.972,40.356,57.14,60.906
149,5.5508073e-5,4.1639643e-5,4.7252026e-5,6.0830436e-5,8.691283e-5,5.3813037e-5,3.634124e-5,4.1924344e-5,6.3442945e-5,0.00010422566,-3511.8774,-3656.9092,-3593.1187,-3465.6846,-3285.6711,-3451.5493,-3529.5994,-3507.3464,-3414.0247,-3257.0525,60.303806,20.922693,30.459911,98.313705,117.49687,10.724955,3.2556248,3.2556252,18.270884,22.373806,29,13,17,47,51,51.78,32.508,40.476,56.67,61.524
150,5.5508073e-5,4.163965e-5,4.7252026e-5,6.0830404e-5,8.691283e-5,5.3813037e-5,3.7793336e-5,4.1924344e-5,6.447295e-5,0.00010422566,-3511.8774,-3656.9092,-3593.1187,-3465.6848,-3285.6711,-3451.5493,-3529.5994,-3510.0652,-3414.013,-3257.0525,60.303806,20.922693,30.459911,97.73375,117.43184,9.924551,3.2556248,3.2556252,18.270884,22.373806,29,13,17,43,51,51.48,32.46,41.218,57.752,61.484
151,5.5385808e-5,4.183261e-5,4.7252026e-5,6.0830334e-5,8.691283e-5,5.3813037e-5,3.77269e-5,4.19243e-5,6.447295e-5,0.00010422566,-3512.9897,-3654.5764,-3593.1187,-3465.6855,-3285.6711,-3451.5493,-3529.5994,-3510.0652,-3414.0034,-3257.0525,60.303806,20.922693,30.459911,97.73375,116.4529,10.439857,3.2556248,3.2556248,18.510746,22.373806,29,13,17,43,50,51.876,32.776,40.466,58.064,61.256
152,5.5385808e-5,4.183261e-5,4.617768e-5,6.0830404e-5,8.691283e-5,5.3813037e-5,3.7726888e-5,4.19243e-5,6.447295e-5,0.00010422566,-3512.9897,-3654.5764,-3604.722,-3465.685,-3285.6711,-3451.5493,-3529.5994,-3510.0652,-3413.993,-3257.0525,60.303806,20.922693,30.459911,97.73375,116.4529,10.7059,3.2556248,3.2556248,19.875841,23.031054,29,13,17,43,50,51.668,33.0,40.164,57.598,60.64
153,5.5385808e-5,4.183261e-5,4.5426976e-5,6.0830404e-5,8.691283e-5,5.362988e-5,3.722343e-5,4.173901e-5,6.447295e-5,0.00010422566,-3512.9897,-3654.5764,-3612.9907,-3465.685,-3285.6711,-3452.4631,-3529.5994,-3511.4214,-3413.993,-3257.0525,60.303806,20.922693,30.459911,98.313705,116.4529,10.7059,3.2556248,3.2556248,19.146563,22.760223,29,13,17,43,50,51.72,33.412,39.9,58.324,61.636
154,5.5385808e-5,4.183261e-5,4.5426976e-5,6.0830404e-5,8.691283e-5,5.362988e-5,3.722343e-5,4.173901e-5,6.4474814e-5,0.00010422566,-3512.9897,-3654.5764,-3612.9907,-3465.685,-3285.6711,-3452.4631,-3529.5994,-3511.4214,-3413.993,-3257.0525,60.303806,20.922693,30.459911,98.313705,116.4529,10.7059,3.2556248,3.2556248,18.951767,22.760223,29,13,17,43,50,52.0,31.856,41.024,58.472,61.308
155,5.5122855e-5,4.1629704e-5,4.402805e-5,6.0830404e-5,8.691283e-5,5.3629337e-5,3.616747e-5,4.173901e-5,6.4474814e-5,0.00010422566,-3515.3909,-3657.029,-3628.7708,-3465.685,-3285.6711,-3452.8853,-3545.0825,-3528.3342,-3413.993,-3257.0615,60.303806,20.922693,30.459911,98.313705,116.4529,9.994315,3.2556248,3.2556248,19.146563,22.373806,29,13,17,43,50,52.036,32.852,41.2,58.474,61.224
156,5.5122855e-5,4.1629297e-5,4.402805e-5,6.0830404e-5,8.692947e-5,5.3629337e-5,3.616747e-5,4.173901e-5,6.4474814e-5,0.0001048235,-3515.3909,-3657.0342,-3628.7708,-3465.685,-3285.5747,-3453.081,-3545.5344,-3528.3342,-3413.993,-3257.0615,59.867214,20.922693,30.459911,98.313705,116.4529,9.944938,3.2556248,3.2556252,18.270884,22.373806,28,13,17,43,50,52.486,32.92,41.852,58.938,62.052
157,5.5385808e-5,4.1469862e-5,4.402805e-5,6.052282e-5,8.691278e-5,5.3629723e-5,3.605769e-5,4.173901e-5,6.4474814e-5,0.00010422562,-3512.9897,-3658.9705,-3628.7708,-3468.2424,-3285.6714,-3453.081,-3545.5344,-3528.4475,-3413.993,-3257.0615,59.867214,20.922693,30.459911,97.73375,115.12926,9.994315,3.2556248,3.2556252,18.270884,22.373806,28,13,17,43,50,52.468,33.8,42.266,58.248,60.792
158,5.5385808e-5,4.1432828e-5,4.402805e-5,6.023386e-5,8.691278e-5,5.3629723e-5,3.605769e-5,4.173901e-5,6.4474814e-5,0.00010422562,-3512.9897,-3659.421,-3628.7708,-3470.6567,-3285.6714,-3453.081,-3545.5344,-3528.5713,-3413.993,-3257.0615,59.867214,20.922693,30.459911,97.73375,112.82667,10.724955,3.2556248,3.2556252,18.270884,22.373806,28,13,17,43,49,52.18,33.606,43.084,58.836,60.66
159,5.5385808e-5,4.1403608e-5,4.402805e-5,6.023386e-5,8.691278e-5,5.3629334e-5,3.532019e-5,4.173901e-5,6.4474814e-5,0.00010422562,-3512.9897,-3659.7766,-3628.7708,-3470.6567,-3285.6714,-3453.108,-3547.7585,-3529.028,-3414.6072,-3257.0615,59.867214,20.922693,30.459911,95.91581,112.05846,10.724955,3.2556248,3.2556252,18.72807,22.373806,28,13,17,43,49,52.616,34.128,42.576,59.71,62.024
160,5.5385808e-5,4.1388226e-5,4.402805e-5,6.023386e-5,8.691278e-5,5.3629334e-5,3.532019e-5,4.173901e-5,6.4474814e-5,0.00010422562,-3512.9897,-3659.9644,-3628.7708,-3470.6567,-3285.6714,-3453.108,-3547.7585,-3529.028,-3414.6072,-3257.0615,59.867214,20.922693,30.459911,95.91581,112.05846,10.724955,3.2556248,3.2556252,18.72807,21.977638,28,13,17,43,49,52.632,33.864,42.91,59.514,62.044
161,5.5385808e-5,4.1030773e-5,4.2360676e-5,6.023386e-5,8.691278e-5,5.3629334e-5,3.4398152e-5,4.172521e-5,6.4474814e-5,0.00010422562,-3512.9897,-3664.3408,-3648.248,-3470.6567,-3285.6714,-3453.154,-3550.1182,-3529.028,-3414.6072,-3257.0615,60.303806,20.922693,30.459911,99.01116,112.82667,9.994315,3.2556248,3.2556252,18.72807,21.977638,28,13,17,43,50,52.468,33.008,43.032,59.88,61.588
162,5.5385808e-5,4.1030773e-5,4.2360676e-5,6.023386e-5,8.691278e-5,5.3629366e-5,3.4398152e-5,4.172521e-5,6.4474814e-5,0.00010422562,-3512.9897,-3664.3408,-3648.248,-3470.6567,-3285.6714,-3453.154,-3550.1182,-3529.0283,-3414.6072,-3257.0615,59.32506,20.922693,30.459911,99.01116,112.82667,9.994315,3.2556248,3.2556248,18.835785,21.982552,28,13,17,43,50,52.482,32.794,42.626,58.744,62.202
163,5.5385808e-5,4.1030773e-5,4.2360676e-5,6.023386e-5,8.691278e-5,5.3629366e-5,3.442123e-5,4.172521e-5,6.4474814e-5,0.00010422562,-3512.9897,-3664.3408,-3648.248,-3470.6567,-3285.6714,-3453.154,-3550.1182,-3529.0283,-3414.6072,-3257.0615,59.32506,20.922693,30.459911,98.313705,112.82667,9.994315,3.2556248,3.2556248,18.835785,21.982552,28,13,17,43,49,52.312,33.688,40.768,58.88,60.752
164,5.5122855e-5,4.1030773e-5,4.2360676e-5,6.023386e-5,8.691279e-5,5.3629366e-5,3.442123e-5,4.172521e-5,6.3442945e-5,0.00010422561,-3515.3909,-3664.3408,-3648.248,-3470.6567,-3285.6714,-3453.154,-3550.1182,-3529.0283,-3414.6072,-3257.0615,59.32506,20.922693,30.459911,98.313705,112.82667,10.732117,3.2556248,3.2556248,18.697495,21.977638,28,13,17,43,49,51.9,32.632,42.114,59.356,59.912
165,5.5385808e-5,4.1030773e-5,4.2360676e-5,6.023386e-5,8.691279e-5,5.3629723e-5,3.442123e-5,4.172521e-5,6.318208e-5,0.00010422561,-3512.9897,-3664.3408,-3648.248,-3470.6567,-3285.6714,-3453.154,-3554.707,-3529.0283,-3414.6072,-3257.0615,56.431393,20.922693,30.459911,98.313705,112.82667,10.732117,3.2556248,3.2556252,19.509987,22.127243,27,13,17,43,49,52.276,33.212,40.794,58.776,61.872
166,5.5385808e-5,4.1158604e-5,4.235534e-5,6.023386e-5,8.691279e-5,5.3629723e-5,3.4421093e-5,3.9353246e-5,6.320959e-5,0.00010422561,-3512.9897,-3662.7712,-3648.3113,-3470.6567,-3285.6714,-3453.5474,-3554.707,-3529.6,-3414.6072,-3257.0615,56.431393,20.922693,30.459911,99.01116,112.82667,9.868744,3.2556248,3.2556252,18.835785,21.977638,27,13,17,44,49,52.3,32.326,41.404,58.996,61.496
167,5.5385808e-5,4.1158604e-5,4.1832584e-5,6.023386e-5,8.691279e-5,5.3629723e-5,3.368924e-5,3.738276e-5,6.270865e-5,0.00010422561,-3512.9897,-3662.7712,-3654.5767,-3470.6567,-3285.6714,-3453.5474,-3554.707,-3529.6,-3414.6072,-3257.0615,56.431393,20.922693,30.459911,101.89264,115.12926,9.868744,3.2556248,3.2556252,18.835785,21.977638,27,13,17,47,50,52.34,32.316,40.92,58.952,61.388
168,5.5385808e-5,4.1158604e-5,4.235534e-5,5.893932e-5,8.691279e-5,5.3629723e-5,3.4421093e-5,3.935133e-5,6.270104e-5,0.00010422561,-3512.9897,-3662.7712,-3648.3113,-3481.6174,-3285.6714,-3453.5474,-3554.7073,-3534.74,-3414.6072,-3257.0615,56.431393,20.922693,30.459911,101.89264,112.82667,9.662645,3.2556248,3.2556252,18.835785,21.977638,28,13,17,47,50,52.772,32.636,41.588,58.81,62.908
169,5.501903e-5,4.1158604e-5,4.235534e-5,5.8358622e-5,8.691279e-5,5.3629366e-5,3.4421093e-5,3.935133e-5,6.269789e-5,0.00010422561,-3516.3418,-3662.7712,-3648.3113,-3486.6128,-3285.6714,-3453.6558,-3563.9172,-3534.74,-3414.064,-3257.0615,56.431393,20.922693,30.459911,103.269554,114.8087,9.662645,3.2556248,3.2556252,18.835785,22.373806,28,13,17,47,51,52.62,32.65,43.036,58.88,62.342
170,5.4722823e-5,3.9735725e-5,4.1832584e-5,5.8358622e-5,8.691279e-5,5.3616197e-5,3.4421093e-5,3.935133e-5,6.269789e-5,0.00010422561,-3519.0652,-3680.5205,-3654.5767,-3486.6128,-3285.6714,-3453.6558,-3563.9172,-3534.74,-3414.064,-3257.0615,59.32506,20.922693,30.459911,105.50739,115.12926,9.662645,3.2556248,3.2556252,19.509987,22.373806,28,13,17,49,51,53.048,33.092,43.38,59.84,63.18
171,5.4722823e-5,4.0740626e-5,4.1832584e-5,5.8358622e-5,8.691279e-5,5.3616197e-5,3.4421093e-5,3.935133e-5,6.271046e-5,0.00010422561,-3519.0652,-3667.921,-3654.5767,-3486.6128,-3285.6714,-3456.404,-3563.9172,-3534.74,-3414.064,-3257.0615,59.32506,20.922693,30.459911,103.269554,114.8087,9.868744,3.2556248,3.2556252,18.88674,22.373806,28,13,16,47,50,52.792,31.902,44.3,58.9,63.108
172,5.3893706e-5,4.0740626e-5,4.1832584e-5,5.945698e-5,8.691279e-5,5.1874154e-5,3.4421093e-5,3.935133e-5,6.271046e-5,0.00010422561,-3526.7678,-3667.921,-3654.5767,-3477.2058,-3285.6714,-3456.4622,-3563.9172,-3535.9478,-3414.6072,-3257.0615,59.32506,20.922693,30.459911,103.269554,114.8087,9.868744,3.2556248,3.2556252,18.88674,22.202124,28,13,16,47,50,52.48,31.41,43.296,58.876,63.388
173,5.3645846e-5,4.0740637e-5,4.1832584e-5,5.926141e-5,8.691279e-5,5.1122453e-5,3.400146e-5,3.7296766e-5,6.403043e-5,0.00010422561,-3529.0933,-3667.9207,-3654.5767,-3478.8682,-3285.6714,-3456.7412,-3564.0537,-3533.6719,-3414.6072,-3257.0615,60.303806,20.922693,30.459911,103.269554,115.12926,9.662645,3.2556248,3.2556248,18.88674,22.202124,29,13,17,47,51,52.34,32.5,42.36,59.376,63.736
174,5.3645846e-5,4.0740637e-5,4.1832584e-5,5.9261172e-5,8.577172e-5,5.1122453e-5,3.400146e-5,3.7296766e-5,6.269789e-5,0.00010031355,-3529.0935,-3667.9207,-3654.5767,-3478.8704,-3292.3389,-3456.7412,-3564.1516,-3533.6719,-3418.362,-3260.7031,60.303806,20.922693,30.459911,103.269554,115.12926,9.868744,3.2556248,3.2556252,18.88674,22.202124,28,13,17,47,51,52.406,33.26,42.808,59.22,64.192
175,5.3645846e-5,4.0740637e-5,4.1832584e-5,5.9261172e-5,8.577165e-5,5.1122453e-5,3.400146e-5,3.7296766e-5,6.269789e-5,0.00010031348,-3529.0935,-3667.9207,-3654.5767,-3478.8704,-3292.339,-3456.7412,-3564.782,-3533.6719,-3418.362,-3260.7507,60.303806,20.922693,30.459911,103.269554,115.12926,9.868744,3.2556248,3.2556248,18.88674,22.202124,28,13,17,47,51,52.372,32.69,43.496,59.176,63.82
176,5.3645846e-5,4.0740637e-5,4.1832584e-5,5.9261172e-5,8.5771564e-5,5.1122453e-5,3.400146e-5,3.7296766e-5,6.269789e-5,0.00010031342,-3529.0935,-3667.9207,-3654.5767,-3478.8704,-3292.3398,-3456.7412,-3565.3276,-3534.3203,-3418.362,-3260.796,59.32506,20.922693,30.459911,103.616325,115.12926,9.868744,3.2556248,3.2556248,18.88674,22.373806,28,13,17,47,51,52.798,33.152,42.75,60.684,64.174
177,5.360849e-5,4.003472e-5,4.166595e-5,5.9261172e-5,8.577161e-5,5.1122453e-5,3.400146e-5,3.7296766e-5,6.269789e-5,0.00010031335,-3529.4446,-3676.7388,-3656.5898,-3478.8704,-3292.3394,-3456.7412,-3565.3276,-3535.133,-3418.394,-3260.8362,57.56463,20.922693,30.459911,103.616325,117.43184,9.994315,3.2556248,3.2556252,18.88674,22.373806,28,13,16,47,51,52.808,33.35,43.048,60.572,63.752
178,5.3674885e-5,4.0034713e-5,4.166595e-5,5.83674e-5,8.577161e-5,5.1122453e-5,3.400146e-5,3.7296766e-5,6.269789e-5,0.00010031335,-3528.82,-3676.7388,-3656.5898,-3486.5369,-3292.3394,-3457.1443,-3565.3276,-3535.133,-3418.394,-3260.8362,56.431393,20.922693,30.459911,103.616325,117.43184,9.994315,3.2556248,3.2556252,18.88674,22.373806,27,13,16,47,50,52.86,33.346,43.522,60.564,63.428
179,5.3674885e-5,4.0034713e-5,4.1459833e-5,5.83674e-5,8.577161e-5,5.1122e-5,3.368924e-5,3.7296766e-5,6.269789e-5,0.00010031335,-3528.82,-3676.7388,-3659.0923,-3486.5369,-3292.3394,-3457.1443,-3565.3276,-3535.133,-3418.3987,-3260.8362,56.431393,20.922693,30.459911,103.269554,117.43184,9.868744,3.2556248,3.2556248,18.88674,22.202124,27,13,16,47,51,52.632,32.992,43.444,60.014,63.434
180,5.3674885e-5,4.0092593e-5,4.150077e-5,5.83674e-5,8.577161e-5,5.1122e-5,3.400146e-5,3.7222697e-5,6.269789e-5,0.00010031335,-3528.82,-3676.0098,-3658.5942,-3486.5369,-3292.3394,-3457.1443,-3565.3276,-3540.7031,-3418.6445,-3260.8362,56.431393,20.922693,30.459911,103.269554,117.43184,9.868744,3.2556248,3.2556248,18.204643,22.202124,27,13,16,47,50,52.948,32.524,43.436,61.426,63.0
181,5.360849e-5,3.9915678e-5,4.1459833e-5,5.83674e-5,8.577161e-5,5.0881485e-5,3.3648557e-5,3.5321147e-5,6.269789e-5,0.00010031335,-3529.4446,-3678.241,-3659.0923,-3486.5369,-3292.3394,-3457.61,-3565.3276,-3544.3445,-3422.8171,-3260.8362,57.56463,20.922693,30.459911,107.664,112.82667,9.868744,3.2556248,3.2556248,18.204643,22.202124,27,13,16,45,49,52.482,33.188,43.996,60.928,64.312
182,5.360849e-5,3.9915678e-5,4.1459833e-5,5.83674e-5,8.577161e-5,5.088044e-5,3.3134667e-5,3.5321147e-5,6.269789e-5,0.00010031335,-3529.4446,-3678.241,-3659.0923,-3486.5369,-3292.3394,-3457.61,-3571.7217,-3544.3445,-3422.8171,-3260.8362,56.431393,20.922693,30.459911,107.664,108.2215,9.725668,3.2556248,3.2556252,18.204643,20.540077,27,13,16,45,49,52.398,34.472,43.528,60.916,64.552
183,5.3117885e-5,3.9915678e-5,4.1459833e-5,5.8358622e-5,8.5604435e-5,5.0711096e-5,3.313448e-5,3.5321147e-5,6.269789e-5,9.884249e-5,-3534.083,-3678.241,-3659.0923,-3486.6128,-3293.3237,-3459.0952,-3564.775,-3544.3445,-3422.8171,-3262.112,60.303806,20.922693,30.459911,107.727875,115.12926,9.994315,3.2556248,3.2556248,18.204643,23.970205,29,13,17,47,50,52.966,34.584,43.212,62.2,65.28
184,5.3117885e-5,3.9915678e-5,4.1459833e-5,5.8358622e-5,8.5604435e-5,5.0711096e-5,3.3648557e-5,3.5541612e-5,6.269789e-5,9.884249e-5,-3534.083,-3678.241,-3659.0923,-3486.6128,-3293.3237,-3459.0952,-3566.96,-3544.3445,-3426.3396,-3262.112,60.303806,20.922693,30.459911,107.664,114.3057,9.994315,3.2556248,3.2556248,18.204643,23.841503,29,13,17,46,49,52.554,34.696,43.524,61.604,65.1
185,5.3117885e-5,3.9915678e-5,4.1459833e-5,5.8358622e-5,8.5604435e-5,5.0711096e-5,3.3132168e-5,3.5321147e-5,6.269789e-5,9.884249e-5,-3534.083,-3678.241,-3659.0923,-3486.6128,-3293.3237,-3459.0952,-3573.8003,-3544.3445,-3427.57,-3262.112,60.303806,20.922693,30.459911,105.162926,114.3057,9.994315,3.2556248,3.2556248,18.204643,23.970205,29,13,17,45,49,52.662,35.232,44.624,61.872,66.788
186,5.311789e-5,3.9915678e-5,4.1459833e-5,5.8358622e-5,8.5604435e-5,5.0711096e-5,3.3132168e-5,3.5321147e-5,6.269789e-5,9.884249e-5,-3534.0833,-3678.241,-3659.0923,-3486.6128,-3293.3237,-3459.0952,-3573.8003,-3546.553,-3428.706,-3262.112,60.303806,20.922693,30.459911,105.162926,114.3057,9.994315,3.2556248,3.2556248,18.204643,23.970205,29,13,17,45,49,52.422,34.03,44.576,62.056,66.776
187,5.2834643e-5,4.0481984e-5,4.1459833e-5,5.8358622e-5,8.5604435e-5,5.0711096e-5,3.3132168e-5,3.412424e-5,6.269789e-5,9.884249e-5,-3536.78,-3671.1338,-3659.0923,-3486.6128,-3293.3237,-3459.0952,-3573.8003,-3548.5078,-3428.7842,-3262.112,60.303806,20.922693,30.459911,105.162926,112.82667,9.994315,3.2556248,3.2556248,20.540077,23.970205,29,13,17,45,49,52.396,33.828,45.096,62.026,65.856
188,5.311785e-5,4.0481933e-5,4.1459833e-5,5.8358622e-5,8.5604435e-5,5.0835974e-5,3.3130298e-5,3.411919e-5,6.269789e-5,9.884249e-5,-3534.0835,-3671.1343,-3659.0923,-3486.6128,-3293.3237,-3459.0952,-3574.6338,-3556.8174,-3428.962,-3262.112,59.867214,20.922693,30.459911,105.162926,108.2215,9.725668,3.2556248,3.2556248,20.540077,23.675274,29,13,17,45,47,52.824,34.68,44.028,62.856,66.74
189,5.260707e-5,4.0481933e-5,4.1459833e-5,5.8086673e-5,8.5604435e-5,5.0835974e-5,3.313451e-5,3.411919e-5,6.269789e-5,9.884249e-5,-3538.958,-3671.1343,-3659.0923,-3488.9695,-3293.3237,-3459.9512,-3579.4604,-3558.3848,-3428.7434,-3262.112,59.867214,20.922693,30.459911,105.162926,108.2215,9.994315,3.2556248,3.2556252,18.9662,23.675274,29,13,17,45,47,52.724,34.304,43.52,62.452,66.292
190,5.260707e-5,3.9919618e-5,4.1285326e-5,5.8086673e-5,8.5604435e-5,5.0835974e-5,3.3127813e-5,3.440366e-5,6.269789e-5,9.884249e-5,-3538.958,-3678.1914,-3661.2205,-3488.9695,-3293.3237,-3461.0505,-3580.2012,-3558.3848,-3428.959,-3262.112,59.867214,20.922693,30.459911,105.162926,108.2215,9.994315,3.2556248,3.2556248,18.634611,22.965473,29,13,16,45,47,52.656,32.978,44.864,62.778,66.008
191,5.257902e-5,3.9736206e-5,4.1319036e-5,5.8358622e-5,8.5604435e-5,5.0711096e-5,3.3127813e-5,3.5321147e-5,6.269789e-5,9.884249e-5,-3539.2268,-3680.5144,-3660.8083,-3486.6128,-3293.3237,-3461.0505,-3583.5303,-3565.3152,-3428.9802,-3262.112,59.32506,20.922693,30.459911,103.269554,110.303185,9.994315,3.2556248,3.2556248,18.204643,22.965473,29,13,16,45,47,52.444,33.918,45.332,63.364,66.08
192,5.260707e-5,3.9736144e-5,4.1183088e-5,5.8358622e-5,8.5604435e-5,5.0834384e-5,3.2859163e-5,3.5321147e-5,6.269789e-5,9.884249e-5,-3538.958,-3680.5151,-3662.471,-3486.6128,-3293.3237,-3461.0505,-3583.5303,-3565.3152,-3428.6265,-3262.112,59.32506,20.922693,30.459911,103.269554,115.12926,11.090163,3.2556248,3.2556248,18.9662,23.675274,29,13,16,45,49,52.568,33.104,44.884,64.264,66.412
193,5.260707e-5,3.9736144e-5,4.1158604e-5,5.8358622e-5,8.5604435e-5,5.0834384e-5,3.2859163e-5,3.5321147e-5,6.269789e-5,9.884249e-5,-3538.958,-3680.5151,-3662.7712,-3486.6128,-3293.3237,-3461.0505,-3583.5303,-3567.752,-3428.5706,-3262.112,59.32506,20.922693,30.459911,98.87511,110.303185,11.090163,3.2556248,3.2556252,20.74456,25.162426,29,13,16,45,47,52.964,33.17,44.932,64.118,65.784
194,5.260707e-5,3.9736144e-5,4.1158604e-5,5.8358622e-5,8.5604435e-5,5.0834384e-5,3.2859163e-5,3.5321147e-5,6.269789e-5,9.884249e-5,-3538.958,-3680.5151,-3662.7712,-3486.6128,-3293.3237,-3462.421,-3583.5303,-3567.752,-3429.043,-3262.112,59.32506,20.922693,30.459911,98.87511,110.303185,11.54624,3.2556248,3.2556252,20.540077,25.162426,29,13,16,45,47,53.426,34.002,43.936,63.388,65.872
195,5.260707e-5,3.9736144e-5,4.0980478e-5,5.8358622e-5,8.5604435e-5,5.0834384e-5,3.2859163e-5,3.5321147e-5,6.269789e-5,9.884249e-5,-3538.958,-3680.5151,-3664.9592,-3486.6128,-3293.3237,-3462.421,-3583.5303,-3567.752,-3428.9192,-3262.112,59.32506,20.922693,30.459911,98.87511,110.303185,11.54624,3.2556248,3.2556252,18.9662,23.675274,29,13,16,45,47,53.408,34.042,43.656,63.1,65.94
196,5.260707e-5,3.9736144e-5,4.0980478e-5,5.8086673e-5,8.5604435e-5,5.0834384e-5,3.2859163e-5,3.5321147e-5,6.1274804e-5,9.884249e-5,-3538.958,-3680.5151,-3664.9592,-3488.9695,-3293.3237,-3463.359,-3583.5303,-3567.752,-3428.981,-3262.112,59.867214,20.922693,30.459911,103.1095,110.303185,10.774597,3.2556248,3.2556252,18.9662,23.675274,29,13,17,45,47,53.086,32.434,44.66,62.984,66.318
197,5.257902e-5,3.9736144e-5,4.1158604e-5,5.8086673e-5,8.5604435e-5,5.0711096e-5,3.2859163e-5,3.5321147e-5,6.1274804e-5,9.884249e-5,-3539.2268,-3680.5151,-3662.7712,-3488.9695,-3293.3237,-3463.7717,-3583.5303,-3567.752,-3428.8289,-3262.112,59.867214,20.922693,30.459911,103.1095,110.303185,10.248207,3.2556248,3.2556252,18.9662,23.675274,29,13,17,45,47,52.828,31.848,45.772,63.348,66.624
198,5.257902e-5,3.9736144e-5,4.1158604e-5,5.8086673e-5,8.5604435e-5,5.0711096e-5,3.2859163e-5,3.5321147e-5,6.1274804e-5,9.884249e-5,-3539.2268,-3680.5151,-3662.7712,-3488.9695,-3293.3237,-3463.7717,-3583.5303,-3567.752,-3428.6873,-3262.112,59.867214,20.922693,30.459911,98.87511,110.303185,9.994315,3.2556248,3.2556252,18.9662,23.675274,29,13,17,43,47,52.86,31.808,45.684,63.1,66.592
199,5.1742358e-5,3.9736144e-5,4.1158604e-5,5.821666e-5,8.5604435e-5,5.0711096e-5,3.2859163e-5,3.5321147e-5,6.1274804e-5,9.884249e-5,-3547.3193,-3680.5151,-3662.7712,-3487.8416,-3293.3237,-3463.9946,-3583.5303,-3570.1836,-3429.0068,-3262.112,59.867214,20.922693,30.459911,98.87511,110.303185,10.774597,3.2556248,3.2556248,18.9662,23.675274,29,13,17,43,47,52.552,30.552,44.724,63.408,66.93
