-- NEO GP (NSGA2)--
SEED=-1
MAX_LEN=50
POPSIZE=500
TOURNAMENT_SIZE=2
INITIAL_DEPTH=5
CROSSOVER_PROB=0.900000
PMUT_PER_NODE=0.050000
----------------------------------
gen,fevals,|bestfront|,bestloss,obj,nll,dl,func_compl,param_compl,FBF,MSE_train,MSE_test,R2_train,R2_test,size,expression
1,26074,10,2655.6606,2555.4807,2655.6606,2716.766,37.429947,23.67556,2555.4807,1.1069068e6,1.6776152e6,0.8694283,0.8754209,18,"((-7.7016945 * X1) + exp((abs(sin((-32.479813 * X1))) ^ ((0.25116658 * X1) * sin((12.036346 * X2)))))) NeoGP.GaussianLikelihood{Float32} Float32[1052.0962]"
2,45923,10,2655.6606,2555.4807,2655.6606,2716.766,37.429947,23.67556,2555.4807,1.1069068e6,1.6776152e6,0.8694283,0.8754209,18,"((-7.7016945 * X1) + exp((abs(sin((-32.479813 * X1))) ^ ((0.25116658 * X1) * sin((12.036346 * X2)))))) NeoGP.GaussianLikelihood{Float32} Float32[1052.0962]"
3,65398,9,2655.6606,2555.4807,2655.6606,2716.766,37.429947,23.67556,2555.4807,1.1069068e6,1.6776152e6,0.8694283,0.8754209,18,"((-7.7016945 * X1) + exp((abs(sin((-32.479813 * X1))) ^ ((0.25116658 * X1) * sin((12.036346 * X2)))))) NeoGP.GaussianLikelihood{Float32} Float32[1052.0962]"
4,84064,12,2630.659,2529.721,2630.659,2692.3462,32.95837,28.728956,2529.721,945378.25,1.5302739e6,0.88848233,0.88636243,15,"(abs(-2791.226) ^ (abs(((3382.986 * X2) - (sqrt(abs(4754.31)) + (3360.016 * X1)))) ^ sin(-59.631706))) NeoGP.GaussianLikelihood{Float32} Float32[972.3058]"
5,106302,10,2641.826,2525.9766,2641.826,2683.4028,23.292873,18.284002,2525.9766,1.0143854e6,1.5367096e6,0.8803422,0.8858845,13,"(abs(sin((-32.63381 * X1))) ^ ((5.0592313 * X1) * sin((14.300613 * X2)))) NeoGP.GaussianLikelihood{Float32} Float32[1007.1672]"
6,128589,10,2641.826,2525.9766,2641.826,2683.4028,23.292873,18.284002,2525.9766,1.0143854e6,1.5367096e6,0.8803422,0.8858845,13,"(abs(sin((-32.63381 * X1))) ^ ((5.0592313 * X1) * sin((14.300613 * X2)))) NeoGP.GaussianLikelihood{Float32} Float32[1007.1672]"
7,152110,11,2641.826,2525.9766,2641.826,2683.4028,23.292873,18.284002,2525.9766,1.0143854e6,1.5367096e6,0.8803422,0.8858845,13,"(abs(sin((-32.63381 * X1))) ^ ((5.0592313 * X1) * sin((14.300613 * X2)))) NeoGP.GaussianLikelihood{Float32} Float32[1007.1672]"
8,176931,12,2641.826,2525.9766,2641.826,2683.4028,23.292873,18.284002,2525.9766,1.0143854e6,1.5367096e6,0.8803422,0.8858845,13,"(abs(sin((-32.63381 * X1))) ^ ((5.0592313 * X1) * sin((14.300613 * X2)))) NeoGP.GaussianLikelihood{Float32} Float32[1007.1672]"
9,205058,12,2641.826,2525.9766,2641.826,2683.4028,23.292873,18.284002,2525.9766,1.0143854e6,1.5367096e6,0.8803422,0.8858845,13,"(abs(sin((-32.63381 * X1))) ^ ((5.0592313 * X1) * sin((14.300613 * X2)))) NeoGP.GaussianLikelihood{Float32} Float32[1007.1672]"
10,232014,17,2641.826,2525.9766,2641.826,2683.4028,23.292873,18.284002,2525.9766,1.0143854e6,1.5367096e6,0.8803422,0.8858845,13,"(abs(sin((-32.63381 * X1))) ^ ((5.0592313 * X1) * sin((14.300613 * X2)))) NeoGP.GaussianLikelihood{Float32} Float32[1007.1672]"
11,260014,20,2641.826,2525.9766,2641.826,2683.4028,23.292873,18.284002,2525.9766,1.0143854e6,1.5367096e6,0.8803422,0.8858845,13,"(abs(sin((-32.63381 * X1))) ^ ((5.0592313 * X1) * sin((14.300613 * X2)))) NeoGP.GaussianLikelihood{Float32} Float32[1007.1672]"
12,290992,21,2641.826,2525.9766,2641.826,2683.4028,23.292873,18.284002,2525.9766,1.0143854e6,1.5367096e6,0.8803422,0.8858845,13,"(abs(sin((-32.63381 * X1))) ^ ((5.0592313 * X1) * sin((14.300613 * X2)))) NeoGP.GaussianLikelihood{Float32} Float32[1007.1672]"
13,320299,19,2641.8257,2525.9763,2641.8257,2683.1287,23.292873,18.009956,2525.9763,1.01438494e6,1.5363031e6,0.88034225,0.88591474,13,"(abs(sin((-32.63381 * X1))) ^ ((5.059252 * X1) * sin((14.3006115 * X2)))) NeoGP.GaussianLikelihood{Float32} Float32[1007.16705]"
14,351432,22,2641.8257,2525.9763,2641.8257,2683.1287,23.292873,18.009956,2525.9763,1.01438494e6,1.5363031e6,0.88034225,0.88591474,13,"(abs(sin((-32.63381 * X1))) ^ ((5.059252 * X1) * sin((14.3006115 * X2)))) NeoGP.GaussianLikelihood{Float32} Float32[1007.16705]"
15,383999,21,2633.43,2523.9448,2633.43,2690.656,26.876392,30.349573,2523.9448,962051.44,1.5143624e6,0.88651556,0.88754404,15,"((abs(sin(sin((abs(-58.58611) ^ sin((-24.908936 * X2)))))) ^ sin((962.9179 * X1))) * 216.85532) NeoGP.GaussianLikelihood{Float32} Float32[980.8422]"
16,413594,22,2633.43,2523.9448,2633.43,2690.656,26.876392,30.349573,2523.9448,962051.44,1.5143624e6,0.88651556,0.88754404,15,"((abs(sin(sin((abs(-58.58611) ^ sin((-24.908936 * X2)))))) ^ sin((962.9179 * X1))) * 216.85532) NeoGP.GaussianLikelihood{Float32} Float32[980.8422]"
17,445695,19,2636.919,2519.4573,2636.919,2686.085,21.405012,27.761011,2519.4573,983462.56,1.5242682e6,0.8839899,0.88680845,11,"(abs(91.36247) ^ exp(sin(((3382.766 * X2) * (0.35566628 * X1))))) NeoGP.GaussianLikelihood{Float32} Float32[991.6967]"
18,476149,22,2636.919,2519.4573,2636.919,2686.085,21.405012,27.761011,2519.4573,983462.56,1.5242682e6,0.8839899,0.88680845,11,"(abs(91.36247) ^ exp(sin(((3382.766 * X2) * (0.35566628 * X1))))) NeoGP.GaussianLikelihood{Float32} Float32[991.6967]"
19,507633,26,2636.919,2519.4573,2636.919,2686.085,21.405012,27.761011,2519.4573,983462.56,1.5242682e6,0.8839899,0.88680845,11,"(abs(91.36247) ^ exp(sin(((3382.766 * X2) * (0.35566628 * X1))))) NeoGP.GaussianLikelihood{Float32} Float32[991.6967]"
20,541509,29,2636.919,2519.4573,2636.919,2686.085,21.405012,27.761011,2519.4573,983462.56,1.5242682e6,0.8839899,0.88680845,11,"(abs(91.36247) ^ exp(sin(((3382.766 * X2) * (0.35566628 * X1))))) NeoGP.GaussianLikelihood{Float32} Float32[991.6967]"
21,575580,29,2606.7751,2518.2769,2606.7751,2680.8413,41.74727,32.31875,2518.2769,813135.94,1.5880591e6,0.90408176,0.8820714,19,"(abs(-1855.2954) ^ (abs(((3399.848 * X2) - (sqrt(abs((-0.57697916 + (8788.687 * X1)))) + (3345.7126 * X1)))) ^ sin(-59.620808))) NeoGP.GaussianLikelihood{Float32} Float32[901.7407]"
22,610394,29,2606.7751,2518.2769,2606.7751,2680.8413,41.74727,32.31875,2518.2769,813135.94,1.5880591e6,0.90408176,0.8820714,19,"(abs(-1855.2954) ^ (abs(((3399.848 * X2) - (sqrt(abs((-0.57697916 + (8788.687 * X1)))) + (3345.7126 * X1)))) ^ sin(-59.620808))) NeoGP.GaussianLikelihood{Float32} Float32[901.7407]"
23,644681,28,2634.832,2517.4875,2634.832,2686.401,21.405012,30.163738,2517.4875,970600.25,1.5411908e6,0.8855071,0.88555175,11,"(abs(-210.16687) ^ exp(sin(((3382.8008 * X2) * (0.35567012 * X1))))) NeoGP.GaussianLikelihood{Float32} Float32[985.1904]"
24,679182,27,2634.832,2517.4875,2634.832,2686.401,21.405012,30.163738,2517.4875,970600.25,1.5411908e6,0.8855071,0.88555175,11,"(abs(-210.16687) ^ exp(sin(((3382.8008 * X2) * (0.35567012 * X1))))) NeoGP.GaussianLikelihood{Float32} Float32[985.1904]"
25,713216,28,2634.832,2517.4875,2634.832,2686.401,21.405012,30.163738,2517.4875,970600.25,1.5411908e6,0.8855071,0.88555175,11,"(abs(-210.16687) ^ exp(sin(((3382.8008 * X2) * (0.35567012 * X1))))) NeoGP.GaussianLikelihood{Float32} Float32[985.1904]"
26,749219,30,2634.8032,2517.4602,2634.8032,2686.442,21.405012,30.233597,2517.4602,970421.5,1.5410572e6,0.8855282,0.8855617,11,"(abs(211.0659) ^ exp(sin(((3382.8022 * X2) * (0.35567006 * X1))))) NeoGP.GaussianLikelihood{Float32} Float32[985.0999]"
27,786623,31,2634.8032,2517.4602,2634.8032,2686.442,21.405012,30.233597,2517.4602,970421.5,1.5410572e6,0.8855282,0.8855617,11,"(abs(211.0659) ^ exp(sin(((3382.8022 * X2) * (0.35567006 * X1))))) NeoGP.GaussianLikelihood{Float32} Float32[985.0999]"
28,826583,33,2634.8032,2517.4602,2634.8032,2686.442,21.405012,30.233597,2517.4602,970421.5,1.5410572e6,0.8855282,0.8855617,11,"(abs(211.0659) ^ exp(sin(((3382.8022 * X2) * (0.35567006 * X1))))) NeoGP.GaussianLikelihood{Float32} Float32[985.0999]"
29,865820,33,2634.8032,2517.4602,2634.8032,2686.442,21.405012,30.233597,2517.4602,970421.5,1.5410572e6,0.8855282,0.8855617,11,"(abs(211.0659) ^ exp(sin(((3382.8022 * X2) * (0.35567006 * X1))))) NeoGP.GaussianLikelihood{Float32} Float32[985.0999]"
30,901471,31,2634.8032,2517.4602,2634.8032,2686.442,21.405012,30.233597,2517.4602,970421.5,1.5410572e6,0.8855282,0.8855617,11,"(abs(211.0659) ^ exp(sin(((3382.8022 * X2) * (0.35567006 * X1))))) NeoGP.GaussianLikelihood{Float32} Float32[985.0999]"
31,935784,31,2606.4211,2515.3328,2606.4211,2666.5444,41.446533,18.676859,2515.3328,811320.9,1.5946205e6,0.90429586,0.8815841,18,"(abs(-2115.0027) ^ (abs(((334.7365 * X2) - (sqrt(abs(exp((2.1123416 * X1)))) + (326.86887 * X1)))) ^ sin(-0.12481934))) NeoGP.GaussianLikelihood{Float32} Float32[900.7337]"
32,971734,33,2606.4211,2515.3328,2606.4211,2666.5444,41.446533,18.676859,2515.3328,811320.9,1.5946205e6,0.90429586,0.8815841,18,"(abs(-2115.0027) ^ (abs(((334.7365 * X2) - (sqrt(abs(exp((2.1123416 * X1)))) + (326.86887 * X1)))) ^ sin(-0.12481934))) NeoGP.GaussianLikelihood{Float32} Float32[900.7337]"
33,1006420,32,2606.4211,2515.3328,2606.4211,2666.5444,41.446533,18.676859,2515.3328,811320.9,1.5946205e6,0.90429586,0.8815841,18,"(abs(-2115.0027) ^ (abs(((334.7365 * X2) - (sqrt(abs(exp((2.1123416 * X1)))) + (326.86887 * X1)))) ^ sin(-0.12481934))) NeoGP.GaussianLikelihood{Float32} Float32[900.7337]"
34,1043654,35,2606.4211,2515.3328,2606.4211,2666.5444,41.446533,18.676859,2515.3328,811320.9,1.5946205e6,0.90429586,0.8815841,18,"(abs(-2115.0027) ^ (abs(((334.7365 * X2) - (sqrt(abs(exp((2.1123416 * X1)))) + (326.86887 * X1)))) ^ sin(-0.12481934))) NeoGP.GaussianLikelihood{Float32} Float32[900.7337]"
35,1079580,35,2606.4211,2515.3328,2606.4211,2666.5444,41.446533,18.676859,2515.3328,811320.9,1.5946205e6,0.90429586,0.8815841,18,"(abs(-2115.0027) ^ (abs(((334.7365 * X2) - (sqrt(abs(exp((2.1123416 * X1)))) + (326.86887 * X1)))) ^ sin(-0.12481934))) NeoGP.GaussianLikelihood{Float32} Float32[900.7337]"
36,1116097,37,2606.4211,2515.3328,2606.4211,2666.5444,41.446533,18.676859,2515.3328,811320.9,1.5946205e6,0.90429586,0.8815841,18,"(abs(-2115.0027) ^ (abs(((334.7365 * X2) - (sqrt(abs(exp((2.1123416 * X1)))) + (326.86887 * X1)))) ^ sin(-0.12481934))) NeoGP.GaussianLikelihood{Float32} Float32[900.7337]"
37,1152219,37,2606.4211,2515.3328,2606.4211,2666.5444,41.446533,18.676859,2515.3328,811320.9,1.5946205e6,0.90429586,0.8815841,18,"(abs(-2115.0027) ^ (abs(((334.7365 * X2) - (sqrt(abs(exp((2.1123416 * X1)))) + (326.86887 * X1)))) ^ sin(-0.12481934))) NeoGP.GaussianLikelihood{Float32} Float32[900.7337]"
38,1186349,37,2606.4211,2515.3328,2606.4211,2666.5444,41.446533,18.676859,2515.3328,811320.9,1.5946205e6,0.90429586,0.8815841,18,"(abs(-2115.0027) ^ (abs(((334.7365 * X2) - (sqrt(abs(exp((2.1123416 * X1)))) + (326.86887 * X1)))) ^ sin(-0.12481934))) NeoGP.GaussianLikelihood{Float32} Float32[900.7337]"
39,1222937,38,2606.4211,2515.3328,2606.4211,2666.5444,41.446533,18.676859,2515.3328,811320.9,1.5946205e6,0.90429586,0.8815841,18,"(abs(-2115.0027) ^ (abs(((334.7365 * X2) - (sqrt(abs(exp((2.1123416 * X1)))) + (326.86887 * X1)))) ^ sin(-0.12481934))) NeoGP.GaussianLikelihood{Float32} Float32[900.7337]"
40,1259666,37,2606.273,2510.5876,2606.273,2670.9917,36.841362,27.877401,2510.5876,810563.9,1.5837678e6,0.90438515,0.88239,16,"(abs(-683.43756) ^ (abs(((15.030575 * X2) - (sqrt(abs(exp((2.550726 * X1)))) + -0.80988425))) ^ sin(-0.09608726))) NeoGP.GaussianLikelihood{Float32} Float32[900.31305]"
41,1293597,39,2606.273,2510.5876,2606.273,2670.9917,36.841362,27.877401,2510.5876,810563.9,1.5837678e6,0.90438515,0.88239,16,"(abs(-683.43756) ^ (abs(((15.030575 * X2) - (sqrt(abs(exp((2.550726 * X1)))) + -0.80988425))) ^ sin(-0.09608726))) NeoGP.GaussianLikelihood{Float32} Float32[900.31305]"
42,1329760,40,2606.273,2510.5876,2606.273,2670.9917,36.841362,27.877401,2510.5876,810563.9,1.5837678e6,0.90438515,0.88239,16,"(abs(-683.43756) ^ (abs(((15.030575 * X2) - (sqrt(abs(exp((2.550726 * X1)))) + -0.80988425))) ^ sin(-0.09608726))) NeoGP.GaussianLikelihood{Float32} Float32[900.31305]"
43,1364674,34,2606.2722,2510.587,2606.2722,2676.067,36.841362,32.95343,2510.587,810560.3,1.5874704e6,0.90438557,0.88211507,16,"(abs(-683.361) ^ (abs(((15.030575 * X2) - (sqrt(abs(exp((2.550726 * X1)))) + -0.8098891))) ^ sin(-0.096082315))) NeoGP.GaussianLikelihood{Float32} Float32[900.31104]"
44,1398747,36,2606.2722,2510.587,2606.2722,2676.067,36.841362,32.95343,2510.587,810560.3,1.5874704e6,0.90438557,0.88211507,16,"(abs(-683.361) ^ (abs(((15.030575 * X2) - (sqrt(abs(exp((2.550726 * X1)))) + -0.8098891))) ^ sin(-0.096082315))) NeoGP.GaussianLikelihood{Float32} Float32[900.31104]"
45,1435046,37,2606.2722,2510.587,2606.2722,2676.067,36.841362,32.95343,2510.587,810560.3,1.5874704e6,0.90438557,0.88211507,16,"(abs(-683.361) ^ (abs(((15.030575 * X2) - (sqrt(abs(exp((2.550726 * X1)))) + -0.8098891))) ^ sin(-0.096082315))) NeoGP.GaussianLikelihood{Float32} Float32[900.31104]"
46,1469415,38,2606.2722,2510.587,2606.2722,2676.067,36.841362,32.95343,2510.587,810560.3,1.5874704e6,0.90438557,0.88211507,16,"(abs(-683.361) ^ (abs(((15.030575 * X2) - (sqrt(abs(exp((2.550726 * X1)))) + -0.8098891))) ^ sin(-0.096082315))) NeoGP.GaussianLikelihood{Float32} Float32[900.31104]"
47,1504268,37,2606.2722,2510.587,2606.2722,2676.067,36.841362,32.95343,2510.587,810560.3,1.5874704e6,0.90438557,0.88211507,16,"(abs(-683.361) ^ (abs(((15.030575 * X2) - (sqrt(abs(exp((2.550726 * X1)))) + -0.8098891))) ^ sin(-0.096082315))) NeoGP.GaussianLikelihood{Float32} Float32[900.31104]"
48,1539402,39,2606.2722,2510.587,2606.2722,2676.067,36.841362,32.95343,2510.587,810560.3,1.5874704e6,0.90438557,0.88211507,16,"(abs(-683.361) ^ (abs(((15.030575 * X2) - (sqrt(abs(exp((2.550726 * X1)))) + -0.8098891))) ^ sin(-0.096082315))) NeoGP.GaussianLikelihood{Float32} Float32[900.31104]"
49,1574865,37,2606.2722,2510.587,2606.2722,2676.067,36.841362,32.95343,2510.587,810560.3,1.5874704e6,0.90438557,0.88211507,16,"(abs(-683.361) ^ (abs(((15.030575 * X2) - (sqrt(abs(exp((2.550726 * X1)))) + -0.8098891))) ^ sin(-0.096082315))) NeoGP.GaussianLikelihood{Float32} Float32[900.31104]"
50,1606023,37,2605.4944,2509.8528,2605.4944,2677.462,36.841362,35.126106,2509.8528,806591.7,1.5848351e6,0.9048537,0.88231075,16,"(abs(499.5128) ^ (abs(((15.004486 * X2) - (sqrt(abs(exp((2.5518756 * X1)))) + -0.9505458))) ^ sin(-0.06966548))) NeoGP.GaussianLikelihood{Float32} Float32[898.10455]"
51,1641369,37,2605.4944,2509.8528,2605.4944,2677.462,36.841362,35.126106,2509.8528,806591.7,1.5848351e6,0.9048537,0.88231075,16,"(abs(499.5128) ^ (abs(((15.004486 * X2) - (sqrt(abs(exp((2.5518756 * X1)))) + -0.9505458))) ^ sin(-0.06966548))) NeoGP.GaussianLikelihood{Float32} Float32[898.10455]"
52,1678281,37,2605.4944,2509.8528,2605.4944,2677.462,36.841362,35.126106,2509.8528,806591.7,1.5848351e6,0.9048537,0.88231075,16,"(abs(499.5128) ^ (abs(((15.004486 * X2) - (sqrt(abs(exp((2.5518756 * X1)))) + -0.9505458))) ^ sin(-0.06966548))) NeoGP.GaussianLikelihood{Float32} Float32[898.10455]"
53,1713295,38,2605.4944,2509.8528,2605.4944,2677.462,36.841362,35.126106,2509.8528,806591.7,1.5848351e6,0.9048537,0.88231075,16,"(abs(499.5128) ^ (abs(((15.004486 * X2) - (sqrt(abs(exp((2.5518756 * X1)))) + -0.9505458))) ^ sin(-0.06966548))) NeoGP.GaussianLikelihood{Float32} Float32[898.10455]"
54,1749288,41,2605.69,2508.3516,2605.69,2684.9807,35.155594,44.135273,2508.3516,807586.75,1.5781105e6,0.90473634,0.8828101,16,"(abs(-1250.3943) ^ (abs((sqrt(abs((-193824.7 * X2))) - (sqrt(abs(-0.10040739)) + (254.07901 * X1)))) ^ sin(-0.06276282))) NeoGP.GaussianLikelihood{Float32} Float32[898.6579]"
55,1785152,39,2605.69,2508.3516,2605.69,2684.9807,35.155594,44.135273,2508.3516,807586.75,1.5781105e6,0.90473634,0.8828101,16,"(abs(-1250.3943) ^ (abs((sqrt(abs((-193824.7 * X2))) - (sqrt(abs(-0.10040739)) + (254.07901 * X1)))) ^ sin(-0.06276282))) NeoGP.GaussianLikelihood{Float32} Float32[898.6579]"
56,1815566,37,2605.69,2508.3516,2605.69,2684.9807,35.155594,44.135273,2508.3516,807586.75,1.5781105e6,0.90473634,0.8828101,16,"(abs(-1250.3943) ^ (abs((sqrt(abs((-193824.7 * X2))) - (sqrt(abs(-0.10040739)) + (254.07901 * X1)))) ^ sin(-0.06276282))) NeoGP.GaussianLikelihood{Float32} Float32[898.6579]"
57,1848888,38,2605.69,2508.3516,2605.69,2684.9807,35.155594,44.135273,2508.3516,807586.75,1.5781105e6,0.90473634,0.8828101,16,"(abs(-1250.3943) ^ (abs((sqrt(abs((-193824.7 * X2))) - (sqrt(abs(-0.10040739)) + (254.07901 * X1)))) ^ sin(-0.06276282))) NeoGP.GaussianLikelihood{Float32} Float32[898.6579]"
58,1882364,36,2605.69,2508.3516,2605.69,2684.9807,35.155594,44.135273,2508.3516,807586.75,1.5781105e6,0.90473634,0.8828101,16,"(abs(-1250.3943) ^ (abs((sqrt(abs((-193824.7 * X2))) - (sqrt(abs(-0.10040739)) + (254.07901 * X1)))) ^ sin(-0.06276282))) NeoGP.GaussianLikelihood{Float32} Float32[898.6579]"
59,1918817,34,2605.69,2508.3516,2605.69,2684.9807,35.155594,44.135273,2508.3516,807586.75,1.5781105e6,0.90473634,0.8828101,16,"(abs(-1250.3943) ^ (abs((sqrt(abs((-193824.7 * X2))) - (sqrt(abs(-0.10040739)) + (254.07901 * X1)))) ^ sin(-0.06276282))) NeoGP.GaussianLikelihood{Float32} Float32[898.6579]"
60,1952878,34,2605.69,2508.3516,2605.69,2684.9807,35.155594,44.135273,2508.3516,807586.75,1.5781105e6,0.90473634,0.8828101,16,"(abs(-1250.3943) ^ (abs((sqrt(abs((-193824.7 * X2))) - (sqrt(abs(-0.10040739)) + (254.07901 * X1)))) ^ sin(-0.06276282))) NeoGP.GaussianLikelihood{Float32} Float32[898.6579]"
61,1987754,35,2605.69,2508.3516,2605.69,2684.9807,35.155594,44.135273,2508.3516,807586.75,1.5781105e6,0.90473634,0.8828101,16,"(abs(-1250.3943) ^ (abs((sqrt(abs((-193824.7 * X2))) - (sqrt(abs(-0.10040739)) + (254.07901 * X1)))) ^ sin(-0.06276282))) NeoGP.GaussianLikelihood{Float32} Float32[898.6579]"
62,2022120,35,2605.69,2508.3516,2605.69,2684.9807,35.155594,44.135273,2508.3516,807586.75,1.5781105e6,0.90473634,0.8828101,16,"(abs(-1250.3943) ^ (abs((sqrt(abs((-193824.7 * X2))) - (sqrt(abs(-0.10040739)) + (254.07901 * X1)))) ^ sin(-0.06276282))) NeoGP.GaussianLikelihood{Float32} Float32[898.6579]"
63,2059980,38,2605.69,2508.3516,2605.69,2684.9807,35.155594,44.135273,2508.3516,807586.75,1.5781105e6,0.90473634,0.8828101,16,"(abs(-1250.3943) ^ (abs((sqrt(abs((-193824.7 * X2))) - (sqrt(abs(-0.10040739)) + (254.07901 * X1)))) ^ sin(-0.06276282))) NeoGP.GaussianLikelihood{Float32} Float32[898.6579]"
64,2095297,41,2605.7983,2506.2566,2605.7983,2689.1887,32.95837,50.432213,2506.2566,808139.94,1.5793799e6,0.9046711,0.8827159,15,"(abs(-3740.268) ^ (abs((sqrt(abs((-5.367964e6 * X2))) - (2.812767 + (1336.6799 * X1)))) ^ sin(-0.06857445))) NeoGP.GaussianLikelihood{Float32} Float32[898.96606]"
65,2131785,42,2605.8318,2504.5215,2605.8318,2691.7363,31.191624,54.712814,2504.5215,808311.56,1.5724334e6,0.9046508,0.8832317,15,"(abs(-3889.0454) ^ (abs((sqrt(abs((-4.499672e6 * X2))) - (2.9383802 - (-1223.6783 * X1)))) ^ sin(-0.070210114))) NeoGP.GaussianLikelihood{Float32} Float32[899.06134]"
66,2166103,41,2605.8318,2504.5215,2605.8318,2691.7363,31.191624,54.712814,2504.5215,808311.56,1.5724334e6,0.9046508,0.8832317,15,"(abs(-3889.0454) ^ (abs((sqrt(abs((-4.499672e6 * X2))) - (2.9383802 - (-1223.6783 * X1)))) ^ sin(-0.070210114))) NeoGP.GaussianLikelihood{Float32} Float32[899.06134]"
67,2201313,41,2605.8318,2504.5215,2605.8318,2691.7363,31.191624,54.712814,2504.5215,808311.56,1.5724334e6,0.9046508,0.8832317,15,"(abs(-3889.0454) ^ (abs((sqrt(abs((-4.499672e6 * X2))) - (2.9383802 - (-1223.6783 * X1)))) ^ sin(-0.070210114))) NeoGP.GaussianLikelihood{Float32} Float32[899.06134]"
68,2237253,38,2605.8318,2504.5215,2605.8318,2691.7363,31.191624,54.712814,2504.5215,808311.56,1.5724334e6,0.9046508,0.8832317,15,"(abs(-3889.0454) ^ (abs((sqrt(abs((-4.499672e6 * X2))) - (2.9383802 - (-1223.6783 * X1)))) ^ sin(-0.070210114))) NeoGP.GaussianLikelihood{Float32} Float32[899.06134]"
69,2272522,39,2605.8318,2504.5215,2605.8318,2691.7363,31.191624,54.712814,2504.5215,808311.56,1.5724334e6,0.9046508,0.8832317,15,"(abs(-3889.0454) ^ (abs((sqrt(abs((-4.499672e6 * X2))) - (2.9383802 - (-1223.6783 * X1)))) ^ sin(-0.070210114))) NeoGP.GaussianLikelihood{Float32} Float32[899.06134]"
70,2305020,37,2605.8318,2504.5215,2605.8318,2691.7363,31.191624,54.712814,2504.5215,808311.56,1.5724334e6,0.9046508,0.8832317,15,"(abs(-3889.0454) ^ (abs((sqrt(abs((-4.499672e6 * X2))) - (2.9383802 - (-1223.6783 * X1)))) ^ sin(-0.070210114))) NeoGP.GaussianLikelihood{Float32} Float32[899.06134]"
71,2339900,36,2605.8318,2504.5215,2605.8318,2691.7363,31.191624,54.712814,2504.5215,808311.56,1.5724334e6,0.9046508,0.8832317,15,"(abs(-3889.0454) ^ (abs((sqrt(abs((-4.499672e6 * X2))) - (2.9383802 - (-1223.6783 * X1)))) ^ sin(-0.070210114))) NeoGP.GaussianLikelihood{Float32} Float32[899.06134]"
72,2374505,36,2605.8318,2504.5215,2605.8318,2691.7363,31.191624,54.712814,2504.5215,808311.56,1.5724334e6,0.9046508,0.8832317,15,"(abs(-3889.0454) ^ (abs((sqrt(abs((-4.499672e6 * X2))) - (2.9383802 - (-1223.6783 * X1)))) ^ sin(-0.070210114))) NeoGP.GaussianLikelihood{Float32} Float32[899.06134]"
73,2407659,37,2605.829,2504.519,2605.829,2690.3193,31.191624,53.298615,2504.519,808297.0,1.5806032e6,0.90465254,0.882625,15,"(abs(-3888.5586) ^ (abs((sqrt(abs((-4.499672e6 * X2))) - (2.938352 - (-1223.6783 * X1)))) ^ sin(-0.070202656))) NeoGP.GaussianLikelihood{Float32} Float32[899.0534]"
74,2443639,37,2605.829,2504.519,2605.829,2690.3193,31.191624,53.298615,2504.519,808297.0,1.5806032e6,0.90465254,0.882625,15,"(abs(-3888.5586) ^ (abs((sqrt(abs((-4.499672e6 * X2))) - (2.938352 - (-1223.6783 * X1)))) ^ sin(-0.070202656))) NeoGP.GaussianLikelihood{Float32} Float32[899.0534]"
75,2481399,38,2605.8235,2500.5647,2605.8235,2679.2175,27.242743,46.151367,2500.5647,808268.44,1.5797374e6,0.90465593,0.8826893,14,"(abs(-3826.492) ^ (abs((sqrt(abs((-4.4995845e6 * X2))) - (2.8702533 - (-1223.6907 * X1)))) ^ -0.069840215)) NeoGP.GaussianLikelihood{Float32} Float32[899.03735]"
76,2518878,34,2605.8235,2500.5647,2605.8235,2679.2175,27.242743,46.151367,2500.5647,808268.44,1.5797374e6,0.90465593,0.8826893,14,"(abs(-3826.492) ^ (abs((sqrt(abs((-4.4995845e6 * X2))) - (2.8702533 - (-1223.6907 * X1)))) ^ -0.069840215)) NeoGP.GaussianLikelihood{Float32} Float32[899.03735]"
77,2555006,34,2605.8235,2500.5647,2605.8235,2679.2175,27.242743,46.151367,2500.5647,808268.44,1.5797374e6,0.90465593,0.8826893,14,"(abs(-3826.492) ^ (abs((sqrt(abs((-4.4995845e6 * X2))) - (2.8702533 - (-1223.6907 * X1)))) ^ -0.069840215)) NeoGP.GaussianLikelihood{Float32} Float32[899.03735]"
78,2585852,35,2605.8235,2500.5647,2605.8235,2679.2175,27.242743,46.151367,2500.5647,808268.44,1.5797374e6,0.90465593,0.8826893,14,"(abs(-3826.492) ^ (abs((sqrt(abs((-4.4995845e6 * X2))) - (2.8702533 - (-1223.6907 * X1)))) ^ -0.069840215)) NeoGP.GaussianLikelihood{Float32} Float32[899.03735]"
79,2620366,34,2605.8235,2500.5647,2605.8235,2679.2175,27.242743,46.151367,2500.5647,808268.44,1.5797374e6,0.90465593,0.8826893,14,"(abs(-3826.492) ^ (abs((sqrt(abs((-4.4995845e6 * X2))) - (2.8702533 - (-1223.6907 * X1)))) ^ -0.069840215)) NeoGP.GaussianLikelihood{Float32} Float32[899.03735]"
80,2653847,24,2590.58,2498.2163,2590.58,2675.6348,36.972294,48.082214,2498.2163,734155.8,1.4628968e6,0.9133983,0.8913658,19,"((abs(sin((3.1164687 + (-1.0396435 * X2)))) ^ sin(((-1.5552293 + (328.60034 * X1)) + (777.362 * X2)))) * 53.28402) NeoGP.GaussianLikelihood{Float32} Float32[856.82904]"
81,2686768,25,2590.58,2498.2163,2590.58,2675.6348,36.972294,48.082214,2498.2163,734155.8,1.4628968e6,0.9133983,0.8913658,19,"((abs(sin((3.1164687 + (-1.0396435 * X2)))) ^ sin(((-1.5552293 + (328.60034 * X1)) + (777.362 * X2)))) * 53.28402) NeoGP.GaussianLikelihood{Float32} Float32[856.82904]"
82,2719710,25,2590.58,2498.2163,2590.58,2675.6348,36.972294,48.082214,2498.2163,734155.8,1.4628968e6,0.9133983,0.8913658,19,"((abs(sin((3.1164687 + (-1.0396435 * X2)))) ^ sin(((-1.5552293 + (328.60034 * X1)) + (777.362 * X2)))) * 53.28402) NeoGP.GaussianLikelihood{Float32} Float32[856.82904]"
83,2753683,25,2590.58,2498.2163,2590.58,2675.6348,36.972294,48.082214,2498.2163,734155.8,1.4628968e6,0.9133983,0.8913658,19,"((abs(sin((3.1164687 + (-1.0396435 * X2)))) ^ sin(((-1.5552293 + (328.60034 * X1)) + (777.362 * X2)))) * 53.28402) NeoGP.GaussianLikelihood{Float32} Float32[856.82904]"
84,2789424,25,2590.58,2498.2163,2590.58,2675.6348,36.972294,48.082214,2498.2163,734155.8,1.4628968e6,0.9133983,0.8913658,19,"((abs(sin((3.1164687 + (-1.0396435 * X2)))) ^ sin(((-1.5552293 + (328.60034 * X1)) + (777.362 * X2)))) * 53.28402) NeoGP.GaussianLikelihood{Float32} Float32[856.82904]"
85,2825413,26,2590.58,2498.2163,2590.58,2675.6348,36.972294,48.082214,2498.2163,734155.8,1.4628968e6,0.9133983,0.8913658,19,"((abs(sin((3.1164687 + (-1.0396435 * X2)))) ^ sin(((-1.5552293 + (328.60034 * X1)) + (777.362 * X2)))) * 53.28402) NeoGP.GaussianLikelihood{Float32} Float32[856.82904]"
86,2861890,27,2590.58,2498.2163,2590.58,2675.6348,36.972294,48.082214,2498.2163,734155.8,1.4628968e6,0.9133983,0.8913658,19,"((abs(sin((3.1164687 + (-1.0396435 * X2)))) ^ sin(((-1.5552293 + (328.60034 * X1)) + (777.362 * X2)))) * 53.28402) NeoGP.GaussianLikelihood{Float32} Float32[856.82904]"
87,2897203,28,2590.58,2498.2163,2590.58,2675.6348,36.972294,48.082214,2498.2163,734155.8,1.4628968e6,0.9133983,0.8913658,19,"((abs(sin((3.1164687 + (-1.0396435 * X2)))) ^ sin(((-1.5552293 + (328.60034 * X1)) + (777.362 * X2)))) * 53.28402) NeoGP.GaussianLikelihood{Float32} Float32[856.82904]"
88,2931044,29,2590.58,2498.2163,2590.58,2675.6348,36.972294,48.082214,2498.2163,734155.8,1.4628968e6,0.9133983,0.8913658,19,"((abs(sin((3.1164687 + (-1.0396435 * X2)))) ^ sin(((-1.5552293 + (328.60034 * X1)) + (777.362 * X2)))) * 53.28402) NeoGP.GaussianLikelihood{Float32} Float32[856.82904]"
89,2965736,29,2590.573,2498.2097,2590.573,2675.5803,36.972294,48.034866,2498.2097,734123.0,1.4623096e6,0.9134022,0.89140946,19,"((abs(sin((0.025786174 + (-1.056634 * X2)))) ^ sin(((-1.5546001 + (328.5999 * X1)) + (777.36255 * X2)))) * 54.634296) NeoGP.GaussianLikelihood{Float32} Float32[856.80975]"
90,3001830,30,2590.573,2498.2097,2590.573,2675.5803,36.972294,48.034866,2498.2097,734123.0,1.4623096e6,0.9134022,0.89140946,19,"((abs(sin((0.025786174 + (-1.056634 * X2)))) ^ sin(((-1.5546001 + (328.5999 * X1)) + (777.36255 * X2)))) * 54.634296) NeoGP.GaussianLikelihood{Float32} Float32[856.80975]"
91,3037113,30,2590.1204,2497.7825,2590.1204,2669.5642,36.972294,42.471416,2497.7825,732029.4,1.4662188e6,0.91364914,0.8911192,19,"((abs(sin((0.024584403 + (-1.0569799 * X2)))) ^ sin(((-2.0715384 + (329.26886 * X1)) + (-115.37907 * X2)))) * 82.975464) NeoGP.GaussianLikelihood{Float32} Float32[855.5872]"
92,3071516,32,2590.1204,2497.7825,2590.1204,2669.5642,36.972294,42.471416,2497.7825,732029.4,1.4662188e6,0.91364914,0.8911192,19,"((abs(sin((0.024584403 + (-1.0569799 * X2)))) ^ sin(((-2.0715384 + (329.26886 * X1)) + (-115.37907 * X2)))) * 82.975464) NeoGP.GaussianLikelihood{Float32} Float32[855.5872]"
93,3105873,29,2590.1204,2497.7825,2590.1204,2669.5642,36.972294,42.471416,2497.7825,732029.4,1.4662188e6,0.91364914,0.8911192,19,"((abs(sin((0.024584403 + (-1.0569799 * X2)))) ^ sin(((-2.0715384 + (329.26886 * X1)) + (-115.37907 * X2)))) * 82.975464) NeoGP.GaussianLikelihood{Float32} Float32[855.5872]"
94,3145528,30,2590.1204,2497.7825,2590.1204,2669.5642,36.972294,42.471416,2497.7825,732029.4,1.4662188e6,0.91364914,0.8911192,19,"((abs(sin((0.024584403 + (-1.0569799 * X2)))) ^ sin(((-2.0715384 + (329.26886 * X1)) + (-115.37907 * X2)))) * 82.975464) NeoGP.GaussianLikelihood{Float32} Float32[855.5872]"
95,3179493,30,2590.1204,2497.7825,2590.1204,2669.5642,36.972294,42.471416,2497.7825,732029.4,1.4662188e6,0.91364914,0.8911192,19,"((abs(sin((0.024584403 + (-1.0569799 * X2)))) ^ sin(((-2.0715384 + (329.26886 * X1)) + (-115.37907 * X2)))) * 82.975464) NeoGP.GaussianLikelihood{Float32} Float32[855.5872]"
96,3214464,32,2590.1204,2497.7825,2590.1204,2669.5642,36.972294,42.471416,2497.7825,732029.4,1.4662188e6,0.91364914,0.8911192,19,"((abs(sin((0.024584403 + (-1.0569799 * X2)))) ^ sin(((-2.0715384 + (329.26886 * X1)) + (-115.37907 * X2)))) * 82.975464) NeoGP.GaussianLikelihood{Float32} Float32[855.5872]"
97,3250426,33,2590.1204,2497.7825,2590.1204,2669.5642,36.972294,42.471416,2497.7825,732029.4,1.4662188e6,0.91364914,0.8911192,19,"((abs(sin((0.024584403 + (-1.0569799 * X2)))) ^ sin(((-2.0715384 + (329.26886 * X1)) + (-115.37907 * X2)))) * 82.975464) NeoGP.GaussianLikelihood{Float32} Float32[855.5872]"
98,3285851,34,2590.1204,2497.7825,2590.1204,2669.5642,36.972294,42.471416,2497.7825,732029.4,1.4662188e6,0.91364914,0.8911192,19,"((abs(sin((0.024584403 + (-1.0569799 * X2)))) ^ sin(((-2.0715384 + (329.26886 * X1)) + (-115.37907 * X2)))) * 82.975464) NeoGP.GaussianLikelihood{Float32} Float32[855.5872]"
99,3321704,34,2590.1204,2497.7825,2590.1204,2669.5642,36.972294,42.471416,2497.7825,732029.4,1.4662188e6,0.91364914,0.8911192,19,"((abs(sin((0.024584403 + (-1.0569799 * X2)))) ^ sin(((-2.0715384 + (329.26886 * X1)) + (-115.37907 * X2)))) * 82.975464) NeoGP.GaussianLikelihood{Float32} Float32[855.5872]"
100,3358596,35,2590.1008,2497.764,2590.1008,2671.876,36.972294,44.80265,2497.764,731938.56,1.4625854e6,0.9136599,0.89138895,19,"((abs(sin((-59.666683 + (-1.053559 * X2)))) ^ sin(((-2.139818 + (329.3058 * X1)) + (776.8476 * X2)))) * 91.02133) NeoGP.GaussianLikelihood{Float32} Float32[855.5342]"
101,3395925,37,2590.1008,2497.764,2590.1008,2671.876,36.972294,44.80265,2497.764,731938.56,1.4625854e6,0.9136599,0.89138895,19,"((abs(sin((-59.666683 + (-1.053559 * X2)))) ^ sin(((-2.139818 + (329.3058 * X1)) + (776.8476 * X2)))) * 91.02133) NeoGP.GaussianLikelihood{Float32} Float32[855.5342]"
102,3433891,36,2590.0938,2497.7573,2590.0938,2673.728,36.972294,46.661842,2497.7573,731906.25,1.4628882e6,0.9136637,0.8913665,19,"((abs(sin((-59.67392 + (-1.0516689 * X2)))) ^ sin(((-2.2675726 + (329.3718 * X1)) + (-0.14346251 * X2)))) * 91.24819) NeoGP.GaussianLikelihood{Float32} Float32[855.5155]"
103,3469386,35,2590.0938,2497.7573,2590.0938,2673.728,36.972294,46.661842,2497.7573,731906.25,1.4628882e6,0.9136637,0.8913665,19,"((abs(sin((-59.67392 + (-1.0516689 * X2)))) ^ sin(((-2.2675726 + (329.3718 * X1)) + (-0.14346251 * X2)))) * 91.24819) NeoGP.GaussianLikelihood{Float32} Float32[855.5155]"
104,3505764,34,2590.066,2497.731,2590.066,2669.4565,36.972294,42.41832,2497.731,731779.56,1.4636161e6,0.91367865,0.8913124,19,"((abs(sin((0.0130928615 + (-1.0523031 * X2)))) ^ sin(((-2.3259926 + (329.40298 * X1)) + (-115.32281 * X2)))) * 91.12757) NeoGP.GaussianLikelihood{Float32} Float32[855.4415]"
105,3541706,32,2590.059,2497.7246,2590.059,2668.1538,36.972294,41.12224,2497.7246,731746.3,1.463268e6,0.9136825,0.8913383,19,"((abs(sin((0.009645976 + (-1.0499123 * X2)))) ^ sin(((-2.3947208 + (329.4403 * X1)) + (-140.4419 * X2)))) * 91.49835) NeoGP.GaussianLikelihood{Float32} Float32[855.4219]"
106,3579098,33,2590.059,2497.7246,2590.059,2668.1538,36.972294,41.12224,2497.7246,731746.3,1.463268e6,0.9136825,0.8913383,19,"((abs(sin((0.009645976 + (-1.0499123 * X2)))) ^ sin(((-2.3947208 + (329.4403 * X1)) + (-140.4419 * X2)))) * 91.49835) NeoGP.GaussianLikelihood{Float32} Float32[855.4219]"
107,3613117,31,2590.059,2497.7246,2590.059,2668.1538,36.972294,41.12224,2497.7246,731746.3,1.463268e6,0.9136825,0.8913383,19,"((abs(sin((0.009645976 + (-1.0499123 * X2)))) ^ sin(((-2.3947208 + (329.4403 * X1)) + (-140.4419 * X2)))) * 91.49835) NeoGP.GaussianLikelihood{Float32} Float32[855.4219]"
108,3648665,32,2590.059,2497.7246,2590.059,2668.1538,36.972294,41.12224,2497.7246,731746.3,1.463268e6,0.9136825,0.8913383,19,"((abs(sin((0.009645976 + (-1.0499123 * X2)))) ^ sin(((-2.3947208 + (329.4403 * X1)) + (-140.4419 * X2)))) * 91.49835) NeoGP.GaussianLikelihood{Float32} Float32[855.4219]"
109,3687338,30,2590.059,2497.7246,2590.059,2668.1538,36.972294,41.12224,2497.7246,731746.3,1.463268e6,0.9136825,0.8913383,19,"((abs(sin((0.009645976 + (-1.0499123 * X2)))) ^ sin(((-2.3947208 + (329.4403 * X1)) + (-140.4419 * X2)))) * 91.49835) NeoGP.GaussianLikelihood{Float32} Float32[855.4219]"
110,3720106,30,2590.0586,2497.724,2590.0586,2671.1604,36.972294,44.129288,2497.724,731744.25,1.4641465e6,0.9136828,0.891273,19,"((abs(sin((0.009401393 + (-1.0498471 * X2)))) ^ sin(((-2.3999147 + (329.44315 * X1)) + (-140.4409 * X2)))) * 91.53563) NeoGP.GaussianLikelihood{Float32} Float32[855.4208]"
111,3753852,26,2590.0586,2497.724,2590.0586,2671.1604,36.972294,44.129288,2497.724,731744.25,1.4641465e6,0.9136828,0.891273,19,"((abs(sin((0.009401393 + (-1.0498471 * X2)))) ^ sin(((-2.3999147 + (329.44315 * X1)) + (-140.4409 * X2)))) * 91.53563) NeoGP.GaussianLikelihood{Float32} Float32[855.4208]"
112,3789568,26,2590.0579,2497.7234,2590.0579,2669.353,36.972294,42.32273,2497.7234,731741.8,1.4631219e6,0.91368306,0.89134914,19,"((abs(sin((0.009034094 + (-1.0497491 * X2)))) ^ sin(((-2.4077268 + (329.44742 * X1)) + (-140.4394 * X2)))) * 91.56292) NeoGP.GaussianLikelihood{Float32} Float32[855.41907]"
113,3823754,27,2536.532,2490.8425,2536.532,2702.4246,73.682724,92.21001,2490.8425,522029.94,1.9049319e6,0.9384209,0.85854053,32,"((abs(sin((0.00012600914 + (-1.0472363 * X2)))) ^ sin(((-3.249312 + (329.212 * X1)) + sin((sin(((sqrt(abs((-82.65093 * X1))) + (1.0508553 * X3)) + (774.8851 * X2))) - -1.0180361))))) * 0.30781263) NeoGP.GaussianLikelihood{Float32} Float32[722.5163]"
114,3859638,28,2536.532,2490.8425,2536.532,2702.4246,73.682724,92.21001,2490.8425,522029.94,1.9049319e6,0.9384209,0.85854053,32,"((abs(sin((0.00012600914 + (-1.0472363 * X2)))) ^ sin(((-3.249312 + (329.212 * X1)) + sin((sin(((sqrt(abs((-82.65093 * X1))) + (1.0508553 * X3)) + (774.8851 * X2))) - -1.0180361))))) * 0.30781263) NeoGP.GaussianLikelihood{Float32} Float32[722.5163]"
115,3893880,28,2536.532,2490.8425,2536.532,2702.4246,73.682724,92.21001,2490.8425,522029.94,1.9049319e6,0.9384209,0.85854053,32,"((abs(sin((0.00012600914 + (-1.0472363 * X2)))) ^ sin(((-3.249312 + (329.212 * X1)) + sin((sin(((sqrt(abs((-82.65093 * X1))) + (1.0508553 * X3)) + (774.8851 * X2))) - -1.0180361))))) * 0.30781263) NeoGP.GaussianLikelihood{Float32} Float32[722.5163]"
116,3928116,28,2536.532,2490.8425,2536.532,2702.4246,73.682724,92.21001,2490.8425,522029.94,1.9049319e6,0.9384209,0.85854053,32,"((abs(sin((0.00012600914 + (-1.0472363 * X2)))) ^ sin(((-3.249312 + (329.212 * X1)) + sin((sin(((sqrt(abs((-82.65093 * X1))) + (1.0508553 * X3)) + (774.8851 * X2))) - -1.0180361))))) * 0.30781263) NeoGP.GaussianLikelihood{Float32} Float32[722.5163]"
117,3961722,29,2536.532,2490.8425,2536.532,2702.4246,73.682724,92.21001,2490.8425,522029.94,1.9049319e6,0.9384209,0.85854053,32,"((abs(sin((0.00012600914 + (-1.0472363 * X2)))) ^ sin(((-3.249312 + (329.212 * X1)) + sin((sin(((sqrt(abs((-82.65093 * X1))) + (1.0508553 * X3)) + (774.8851 * X2))) - -1.0180361))))) * 0.30781263) NeoGP.GaussianLikelihood{Float32} Float32[722.5163]"
118,3995186,30,2536.532,2490.8425,2536.532,2702.4246,73.682724,92.21001,2490.8425,522029.94,1.9049319e6,0.9384209,0.85854053,32,"((abs(sin((0.00012600914 + (-1.0472363 * X2)))) ^ sin(((-3.249312 + (329.212 * X1)) + sin((sin(((sqrt(abs((-82.65093 * X1))) + (1.0508553 * X3)) + (774.8851 * X2))) - -1.0180361))))) * 0.30781263) NeoGP.GaussianLikelihood{Float32} Float32[722.5163]"
119,4028820,29,2536.532,2490.8425,2536.532,2702.4246,73.682724,92.21001,2490.8425,522029.94,1.9049319e6,0.9384209,0.85854053,32,"((abs(sin((0.00012600914 + (-1.0472363 * X2)))) ^ sin(((-3.249312 + (329.212 * X1)) + sin((sin(((sqrt(abs((-82.65093 * X1))) + (1.0508553 * X3)) + (774.8851 * X2))) - -1.0180361))))) * 0.30781263) NeoGP.GaussianLikelihood{Float32} Float32[722.5163]"
120,4065425,30,2536.532,2490.8425,2536.532,2702.4246,73.682724,92.21001,2490.8425,522029.94,1.9049319e6,0.9384209,0.85854053,32,"((abs(sin((0.00012600914 + (-1.0472363 * X2)))) ^ sin(((-3.249312 + (329.212 * X1)) + sin((sin(((sqrt(abs((-82.65093 * X1))) + (1.0508553 * X3)) + (774.8851 * X2))) - -1.0180361))))) * 0.30781263) NeoGP.GaussianLikelihood{Float32} Float32[722.5163]"
121,4099649,31,2536.532,2490.8425,2536.532,2702.4246,73.682724,92.21001,2490.8425,522029.94,1.9049319e6,0.9384209,0.85854053,32,"((abs(sin((0.00012600914 + (-1.0472363 * X2)))) ^ sin(((-3.249312 + (329.212 * X1)) + sin((sin(((sqrt(abs((-82.65093 * X1))) + (1.0508553 * X3)) + (774.8851 * X2))) - -1.0180361))))) * 0.30781263) NeoGP.GaussianLikelihood{Float32} Float32[722.5163]"
122,4133744,32,2536.532,2490.8425,2536.532,2702.4246,73.682724,92.21001,2490.8425,522029.94,1.9049319e6,0.9384209,0.85854053,32,"((abs(sin((0.00012600914 + (-1.0472363 * X2)))) ^ sin(((-3.249312 + (329.212 * X1)) + sin((sin(((sqrt(abs((-82.65093 * X1))) + (1.0508553 * X3)) + (774.8851 * X2))) - -1.0180361))))) * 0.30781263) NeoGP.GaussianLikelihood{Float32} Float32[722.5163]"
123,4167412,33,2536.532,2490.8425,2536.532,2702.4246,73.682724,92.21001,2490.8425,522029.94,1.9049319e6,0.9384209,0.85854053,32,"((abs(sin((0.00012600914 + (-1.0472363 * X2)))) ^ sin(((-3.249312 + (329.212 * X1)) + sin((sin(((sqrt(abs((-82.65093 * X1))) + (1.0508553 * X3)) + (774.8851 * X2))) - -1.0180361))))) * 0.30781263) NeoGP.GaussianLikelihood{Float32} Float32[722.5163]"
124,4199411,32,2451.7212,2449.5479,2451.7212,2661.9912,105.50739,104.76274,2449.5479,305710.9,2.0113502e6,0.96393806,0.8506379,44,"(abs((((abs(sin((0.06220246 + (-1.0262083 * X2)))) ^ sin(((-2.3336842 + (328.97797 * X1)) + sin((sin(((sqrt(abs((-83.77947 * X1))) + (1.0592356 * X3)) + (774.7783 * X2))) - -0.7374933))))) * 1.6076429) * -88.49397)) ^ exp(sin(((3382.8057 * X2) * (-0.6807444 * X1))))) NeoGP.GaussianLikelihood{Float32} Float32[552.91125]"
125,4231768,33,2451.6016,2449.435,2451.6016,2661.1677,105.50739,104.05889,2449.435,305480.4,2.0385181e6,0.96396524,0.8486204,44,"(abs((((abs(sin((0.06797078 + (-1.0183887 * X2)))) ^ sin(((-2.3180175 + (328.9817 * X1)) + sin((sin(((sqrt(abs((-83.493904 * X1))) + (1.061241 * X3)) + (774.7731 * X2))) - -0.70111024))))) * 0.7340494) * 213.22731)) ^ exp(sin(((3382.807 * X2) * (-0.68074465 * X1))))) NeoGP.GaussianLikelihood{Float32} Float32[552.7029]"
126,4264191,34,2451.6016,2449.435,2451.6016,2661.1677,105.50739,104.05889,2449.435,305480.4,2.0385181e6,0.96396524,0.8486204,44,"(abs((((abs(sin((0.06797078 + (-1.0183887 * X2)))) ^ sin(((-2.3180175 + (328.9817 * X1)) + sin((sin(((sqrt(abs((-83.493904 * X1))) + (1.061241 * X3)) + (774.7731 * X2))) - -0.70111024))))) * 0.7340494) * 213.22731)) ^ exp(sin(((3382.807 * X2) * (-0.68074465 * X1))))) NeoGP.GaussianLikelihood{Float32} Float32[552.7029]"
127,4297167,33,2451.6016,2449.435,2451.6016,2661.1677,105.50739,104.05889,2449.435,305480.4,2.0385181e6,0.96396524,0.8486204,44,"(abs((((abs(sin((0.06797078 + (-1.0183887 * X2)))) ^ sin(((-2.3180175 + (328.9817 * X1)) + sin((sin(((sqrt(abs((-83.493904 * X1))) + (1.061241 * X3)) + (774.7731 * X2))) - -0.70111024))))) * 0.7340494) * 213.22731)) ^ exp(sin(((3382.807 * X2) * (-0.68074465 * X1))))) NeoGP.GaussianLikelihood{Float32} Float32[552.7029]"
128,4329516,36,2451.6016,2449.435,2451.6016,2661.1677,105.50739,104.05889,2449.435,305480.4,2.0385181e6,0.96396524,0.8486204,44,"(abs((((abs(sin((0.06797078 + (-1.0183887 * X2)))) ^ sin(((-2.3180175 + (328.9817 * X1)) + sin((sin(((sqrt(abs((-83.493904 * X1))) + (1.061241 * X3)) + (774.7731 * X2))) - -0.70111024))))) * 0.7340494) * 213.22731)) ^ exp(sin(((3382.807 * X2) * (-0.68074465 * X1))))) NeoGP.GaussianLikelihood{Float32} Float32[552.7029]"
129,4364394,37,2451.6016,2449.435,2451.6016,2661.1677,105.50739,104.05889,2449.435,305480.4,2.0385181e6,0.96396524,0.8486204,44,"(abs((((abs(sin((0.06797078 + (-1.0183887 * X2)))) ^ sin(((-2.3180175 + (328.9817 * X1)) + sin((sin(((sqrt(abs((-83.493904 * X1))) + (1.061241 * X3)) + (774.7731 * X2))) - -0.70111024))))) * 0.7340494) * 213.22731)) ^ exp(sin(((3382.807 * X2) * (-0.68074465 * X1))))) NeoGP.GaussianLikelihood{Float32} Float32[552.7029]"
130,4396865,37,2451.6016,2449.435,2451.6016,2661.1677,105.50739,104.05889,2449.435,305480.4,2.0385181e6,0.96396524,0.8486204,44,"(abs((((abs(sin((0.06797078 + (-1.0183887 * X2)))) ^ sin(((-2.3180175 + (328.9817 * X1)) + sin((sin(((sqrt(abs((-83.493904 * X1))) + (1.061241 * X3)) + (774.7731 * X2))) - -0.70111024))))) * 0.7340494) * 213.22731)) ^ exp(sin(((3382.807 * X2) * (-0.68074465 * X1))))) NeoGP.GaussianLikelihood{Float32} Float32[552.7029]"
131,4431945,37,2451.6016,2449.435,2451.6016,2661.1677,105.50739,104.05889,2449.435,305480.4,2.0385181e6,0.96396524,0.8486204,44,"(abs((((abs(sin((0.06797078 + (-1.0183887 * X2)))) ^ sin(((-2.3180175 + (328.9817 * X1)) + sin((sin(((sqrt(abs((-83.493904 * X1))) + (1.061241 * X3)) + (774.7731 * X2))) - -0.70111024))))) * 0.7340494) * 213.22731)) ^ exp(sin(((3382.807 * X2) * (-0.68074465 * X1))))) NeoGP.GaussianLikelihood{Float32} Float32[552.7029]"
132,4467458,39,2451.6016,2449.435,2451.6016,2661.1677,105.50739,104.05889,2449.435,305480.4,2.0385181e6,0.96396524,0.8486204,44,"(abs((((abs(sin((0.06797078 + (-1.0183887 * X2)))) ^ sin(((-2.3180175 + (328.9817 * X1)) + sin((sin(((sqrt(abs((-83.493904 * X1))) + (1.061241 * X3)) + (774.7731 * X2))) - -0.70111024))))) * 0.7340494) * 213.22731)) ^ exp(sin(((3382.807 * X2) * (-0.68074465 * X1))))) NeoGP.GaussianLikelihood{Float32} Float32[552.7029]"
133,4497927,38,2451.6016,2449.435,2451.6016,2661.1677,105.50739,104.05889,2449.435,305480.4,2.0385181e6,0.96396524,0.8486204,44,"(abs((((abs(sin((0.06797078 + (-1.0183887 * X2)))) ^ sin(((-2.3180175 + (328.9817 * X1)) + sin((sin(((sqrt(abs((-83.493904 * X1))) + (1.061241 * X3)) + (774.7731 * X2))) - -0.70111024))))) * 0.7340494) * 213.22731)) ^ exp(sin(((3382.807 * X2) * (-0.68074465 * X1))))) NeoGP.GaussianLikelihood{Float32} Float32[552.7029]"
134,4530974,35,2472.8652,2437.6663,2472.8652,2629.487,78.287895,78.33407,2437.6663,349338.1,934690.1,0.95879173,0.9305903,34,"((abs(sin((-0.028805476 + ((278.58508 * X2) - (329.8866 * X1))))) ^ sin(((-2.5008378 + (324.68015 * X1)) + sin((sin(((sqrt(abs((202.8518 * X1))) + (0.5248076 * X3)) + 5.7366934)) - -8.110165))))) * 80.37075) NeoGP.GaussianLikelihood{Float32} Float32[591.04834]"
135,4562473,36,2472.8652,2437.6663,2472.8652,2629.487,78.287895,78.33407,2437.6663,349338.1,934690.1,0.95879173,0.9305903,34,"((abs(sin((-0.028805476 + ((278.58508 * X2) - (329.8866 * X1))))) ^ sin(((-2.5008378 + (324.68015 * X1)) + sin((sin(((sqrt(abs((202.8518 * X1))) + (0.5248076 * X3)) + 5.7366934)) - -8.110165))))) * 80.37075) NeoGP.GaussianLikelihood{Float32} Float32[591.04834]"
136,4593153,34,2472.8652,2437.6663,2472.8652,2629.487,78.287895,78.33407,2437.6663,349338.1,934690.1,0.95879173,0.9305903,34,"((abs(sin((-0.028805476 + ((278.58508 * X2) - (329.8866 * X1))))) ^ sin(((-2.5008378 + (324.68015 * X1)) + sin((sin(((sqrt(abs((202.8518 * X1))) + (0.5248076 * X3)) + 5.7366934)) - -8.110165))))) * 80.37075) NeoGP.GaussianLikelihood{Float32} Float32[591.04834]"
137,4625506,35,2472.8652,2437.6663,2472.8652,2629.487,78.287895,78.33407,2437.6663,349338.1,934690.1,0.95879173,0.9305903,34,"((abs(sin((-0.028805476 + ((278.58508 * X2) - (329.8866 * X1))))) ^ sin(((-2.5008378 + (324.68015 * X1)) + sin((sin(((sqrt(abs((202.8518 * X1))) + (0.5248076 * X3)) + 5.7366934)) - -8.110165))))) * 80.37075) NeoGP.GaussianLikelihood{Float32} Float32[591.04834]"
138,4658316,32,2472.8652,2437.6663,2472.8652,2629.487,78.287895,78.33407,2437.6663,349338.1,934690.1,0.95879173,0.9305903,34,"((abs(sin((-0.028805476 + ((278.58508 * X2) - (329.8866 * X1))))) ^ sin(((-2.5008378 + (324.68015 * X1)) + sin((sin(((sqrt(abs((202.8518 * X1))) + (0.5248076 * X3)) + 5.7366934)) - -8.110165))))) * 80.37075) NeoGP.GaussianLikelihood{Float32} Float32[591.04834]"
139,4691522,32,2472.8652,2437.6663,2472.8652,2629.487,78.287895,78.33407,2437.6663,349338.1,934690.1,0.95879173,0.9305903,34,"((abs(sin((-0.028805476 + ((278.58508 * X2) - (329.8866 * X1))))) ^ sin(((-2.5008378 + (324.68015 * X1)) + sin((sin(((sqrt(abs((202.8518 * X1))) + (0.5248076 * X3)) + 5.7366934)) - -8.110165))))) * 80.37075) NeoGP.GaussianLikelihood{Float32} Float32[591.04834]"
140,4727410,32,2472.8652,2437.6663,2472.8652,2629.487,78.287895,78.33407,2437.6663,349338.1,934690.1,0.95879173,0.9305903,34,"((abs(sin((-0.028805476 + ((278.58508 * X2) - (329.8866 * X1))))) ^ sin(((-2.5008378 + (324.68015 * X1)) + sin((sin(((sqrt(abs((202.8518 * X1))) + (0.5248076 * X3)) + 5.7366934)) - -8.110165))))) * 80.37075) NeoGP.GaussianLikelihood{Float32} Float32[591.04834]"
141,4760769,32,2472.8652,2437.6663,2472.8652,2629.487,78.287895,78.33407,2437.6663,349338.1,934690.1,0.95879173,0.9305903,34,"((abs(sin((-0.028805476 + ((278.58508 * X2) - (329.8866 * X1))))) ^ sin(((-2.5008378 + (324.68015 * X1)) + sin((sin(((sqrt(abs((202.8518 * X1))) + (0.5248076 * X3)) + 5.7366934)) - -8.110165))))) * 80.37075) NeoGP.GaussianLikelihood{Float32} Float32[591.04834]"
142,4793588,32,2472.8652,2437.6663,2472.8652,2629.487,78.287895,78.33407,2437.6663,349338.1,934690.1,0.95879173,0.9305903,34,"((abs(sin((-0.028805476 + ((278.58508 * X2) - (329.8866 * X1))))) ^ sin(((-2.5008378 + (324.68015 * X1)) + sin((sin(((sqrt(abs((202.8518 * X1))) + (0.5248076 * X3)) + 5.7366934)) - -8.110165))))) * 80.37075) NeoGP.GaussianLikelihood{Float32} Float32[591.04834]"
143,4826948,34,2472.8652,2437.6663,2472.8652,2629.487,78.287895,78.33407,2437.6663,349338.1,934690.1,0.95879173,0.9305903,34,"((abs(sin((-0.028805476 + ((278.58508 * X2) - (329.8866 * X1))))) ^ sin(((-2.5008378 + (324.68015 * X1)) + sin((sin(((sqrt(abs((202.8518 * X1))) + (0.5248076 * X3)) + 5.7366934)) - -8.110165))))) * 80.37075) NeoGP.GaussianLikelihood{Float32} Float32[591.04834]"
144,4861879,34,2482.8994,2436.963,2482.8994,2631.341,68.11396,80.32769,2436.963,372168.56,1.4857515e6,0.9560987,0.88966864,31,"((abs(sin((-0.029014118 + ((278.585 * X2) - (329.88657 * X1))))) ^ sin(((-2.0263064 + (324.60052 * X1)) + sin((sin(((196.21156 + (0.5214406 * X3)) + 5.6824946)) - -8.042206))))) * 74.82568) NeoGP.GaussianLikelihood{Float32} Float32[610.0563]"
145,4893266,34,2482.8994,2436.963,2482.8994,2631.341,68.11396,80.32769,2436.963,372168.56,1.4857515e6,0.9560987,0.88966864,31,"((abs(sin((-0.029014118 + ((278.585 * X2) - (329.88657 * X1))))) ^ sin(((-2.0263064 + (324.60052 * X1)) + sin((sin(((196.21156 + (0.5214406 * X3)) + 5.6824946)) - -8.042206))))) * 74.82568) NeoGP.GaussianLikelihood{Float32} Float32[610.0563]"
146,4928728,34,2482.8994,2436.963,2482.8994,2631.341,68.11396,80.32769,2436.963,372168.56,1.4857515e6,0.9560987,0.88966864,31,"((abs(sin((-0.029014118 + ((278.585 * X2) - (329.88657 * X1))))) ^ sin(((-2.0263064 + (324.60052 * X1)) + sin((sin(((196.21156 + (0.5214406 * X3)) + 5.6824946)) - -8.042206))))) * 74.82568) NeoGP.GaussianLikelihood{Float32} Float32[610.0563]"
147,4964647,36,2478.795,2435.2861,2478.795,2642.2183,70.31119,93.112076,2435.2861,362655.03,1.7357656e6,0.9572209,0.8711027,32,"((abs(sin((-0.03127691 + ((278.5853 * X2) - (329.886 * X1))))) ^ sin(((-2.8885603 + (324.6567 * X1)) + (abs(sin((0.16224019 + -2.5863237))) ^ sin((-22320.83 + sin((-5.2554827 * X3)))))))) * 81.884186) NeoGP.GaussianLikelihood{Float32} Float32[602.20844]"
148,5002407,36,2478.795,2435.2861,2478.795,2642.2183,70.31119,93.112076,2435.2861,362655.03,1.7357656e6,0.9572209,0.8711027,32,"((abs(sin((-0.03127691 + ((278.5853 * X2) - (329.886 * X1))))) ^ sin(((-2.8885603 + (324.6567 * X1)) + (abs(sin((0.16224019 + -2.5863237))) ^ sin((-22320.83 + sin((-5.2554827 * X3)))))))) * 81.884186) NeoGP.GaussianLikelihood{Float32} Float32[602.20844]"
149,5036240,37,2478.7947,2435.286,2478.7947,2642.0166,70.31119,92.91066,2435.286,362655.0,1.7357728e6,0.9572209,0.8711022,32,"((abs(sin((-0.031276904 + ((278.5853 * X2) - (329.886 * X1))))) ^ sin(((-2.8885603 + (324.6567 * X1)) + (abs(sin((0.16223906 + -2.586325))) ^ sin((-22320.83 + sin((-5.2554827 * X3)))))))) * 81.88406) NeoGP.GaussianLikelihood{Float32} Float32[602.2083]"
150,5071879,38,2479.4688,2433.7249,2479.4688,2628.665,68.11396,81.082184,2433.7249,364200.3,888970.3,0.9570386,0.9339854,31,"((abs(sin((-0.030663725 + ((278.58398 * X2) - (329.8879 * X1))))) ^ sin(((-0.76239157 + (324.62338 * X1)) + sin((sin(((-0.23996833 + (0.5282392 * X3)) + 5.4952507)) + -7.604238))))) * 74.85142) NeoGP.GaussianLikelihood{Float32} Float32[603.49]"
151,5104881,42,2479.4688,2433.7249,2479.4688,2628.665,68.11396,81.082184,2433.7249,364200.3,888970.3,0.9570386,0.9339854,31,"((abs(sin((-0.030663725 + ((278.58398 * X2) - (329.8879 * X1))))) ^ sin(((-0.76239157 + (324.62338 * X1)) + sin((sin(((-0.23996833 + (0.5282392 * X3)) + 5.4952507)) + -7.604238))))) * 74.85142) NeoGP.GaussianLikelihood{Float32} Float32[603.49]"
152,5140735,40,2476.4326,2426.3525,2476.4326,2636.8704,65.91674,94.52088,2426.3525,357289.88,1.7603506e6,0.9578538,0.86927706,30,"((abs(sin((-0.031163078 + ((278.58548 * X2) - (329.88608 * X1))))) ^ sin(((-3.3470213 + (324.67767 * X1)) + (abs(sin(-0.78044915)) ^ sin((-22319.828 + sin((-5.2583213 * X3)))))))) * 99.17789) NeoGP.GaussianLikelihood{Float32} Float32[597.7372]"
153,5176403,38,2476.4326,2426.3525,2476.4326,2636.8704,65.91674,94.52088,2426.3525,357289.88,1.7603506e6,0.9578538,0.86927706,30,"((abs(sin((-0.031163078 + ((278.58548 * X2) - (329.88608 * X1))))) ^ sin(((-3.3470213 + (324.67767 * X1)) + (abs(sin(-0.78044915)) ^ sin((-22319.828 + sin((-5.2583213 * X3)))))))) * 99.17789) NeoGP.GaussianLikelihood{Float32} Float32[597.7372]"
154,5213915,39,2476.4326,2426.3525,2476.4326,2636.8704,65.91674,94.52088,2426.3525,357289.88,1.7603506e6,0.9578538,0.86927706,30,"((abs(sin((-0.031163078 + ((278.58548 * X2) - (329.88608 * X1))))) ^ sin(((-3.3470213 + (324.67767 * X1)) + (abs(sin(-0.78044915)) ^ sin((-22319.828 + sin((-5.2583213 * X3)))))))) * 99.17789) NeoGP.GaussianLikelihood{Float32} Float32[597.7372]"
155,5247279,39,2476.4326,2426.3525,2476.4326,2636.8704,65.91674,94.52088,2426.3525,357289.88,1.7603506e6,0.9578538,0.86927706,30,"((abs(sin((-0.031163078 + ((278.58548 * X2) - (329.88608 * X1))))) ^ sin(((-3.3470213 + (324.67767 * X1)) + (abs(sin(-0.78044915)) ^ sin((-22319.828 + sin((-5.2583213 * X3)))))))) * 99.17789) NeoGP.GaussianLikelihood{Float32} Float32[597.7372]"
156,5282847,39,2476.4326,2426.3525,2476.4326,2636.8704,65.91674,94.52088,2426.3525,357289.88,1.7603506e6,0.9578538,0.86927706,30,"((abs(sin((-0.031163078 + ((278.58548 * X2) - (329.88608 * X1))))) ^ sin(((-3.3470213 + (324.67767 * X1)) + (abs(sin(-0.78044915)) ^ sin((-22319.828 + sin((-5.2583213 * X3)))))))) * 99.17789) NeoGP.GaussianLikelihood{Float32} Float32[597.7372]"
157,5318569,40,2477.513,2425.175,2477.513,2614.243,63.719513,73.01051,2425.175,359733.47,1.7475775e6,0.9575655,0.87022555,29,"((abs(sin((-0.030006053 + ((278.58517 * X2) - (329.88626 * X1))))) ^ sin(((-2.3347678 + (324.5905 * X1)) + (abs(sin((0.19741036 + -2.5511339))) ^ sin((-5.257873 * X3)))))) * 79.4917) NeoGP.GaussianLikelihood{Float32} Float32[599.77795]"
158,5352396,37,2413.5115,2420.8171,2413.5115,2660.4395,108.2215,138.70659,2420.8171,240223.44,3.2268932e6,0.971663,0.76037216,47,"((abs(sin((-0.030783143 + ((278.58398 * X2) - (329.8879 * X1))))) ^ sin(((-0.879815 + (324.5775 * X1)) + sin((sin((((abs(2541.4082) ^ sin(sin((sin(((sqrt(abs((-67.787285 * X1))) + (1.0729369 * X3)) + 0.894217)) - -1.9484043)))) + (0.5361488 * X3)) + 6.880417)) + -7.2909236))))) * 82.13776) NeoGP.GaussianLikelihood{Float32} Float32[490.12595]"
159,5388349,38,2436.8584,2411.1975,2436.8584,2614.7,83.49454,94.34691,2411.1975,278347.0,2.0183334e6,0.96716595,0.85011935,38,"((abs(sin((-0.029956479 + ((278.5851 * X2) - (329.88632 * X1))))) ^ sin(((-2.3880444 + (324.50775 * X1)) + (abs(sin((0.13144985 + -2.617094))) ^ sin(sin((((1.0649494 * X3) + (774.7431 * X2)) - (-1.0597272 * X1)))))))) * 82.87733) NeoGP.GaussianLikelihood{Float32} Float32[527.586]"
160,5421397,38,2436.8584,2411.1975,2436.8584,2614.7,83.49454,94.34691,2411.1975,278347.0,2.0183334e6,0.96716595,0.85011935,38,"((abs(sin((-0.029956479 + ((278.5851 * X2) - (329.88632 * X1))))) ^ sin(((-2.3880444 + (324.50775 * X1)) + (abs(sin((0.13144985 + -2.617094))) ^ sin(sin((((1.0649494 * X3) + (774.7431 * X2)) - (-1.0597272 * X1)))))))) * 82.87733) NeoGP.GaussianLikelihood{Float32} Float32[527.586]"
161,5456447,40,2436.8584,2411.1975,2436.8584,2614.7,83.49454,94.34691,2411.1975,278347.0,2.0183334e6,0.96716595,0.85011935,38,"((abs(sin((-0.029956479 + ((278.5851 * X2) - (329.88632 * X1))))) ^ sin(((-2.3880444 + (324.50775 * X1)) + (abs(sin((0.13144985 + -2.617094))) ^ sin(sin((((1.0649494 * X3) + (774.7431 * X2)) - (-1.0597272 * X1)))))))) * 82.87733) NeoGP.GaussianLikelihood{Float32} Float32[527.586]"
162,5489318,42,2436.8584,2411.1975,2436.8584,2614.7,83.49454,94.34691,2411.1975,278347.0,2.0183334e6,0.96716595,0.85011935,38,"((abs(sin((-0.029956479 + ((278.5851 * X2) - (329.88632 * X1))))) ^ sin(((-2.3880444 + (324.50775 * X1)) + (abs(sin((0.13144985 + -2.617094))) ^ sin(sin((((1.0649494 * X3) + (774.7431 * X2)) - (-1.0597272 * X1)))))))) * 82.87733) NeoGP.GaussianLikelihood{Float32} Float32[527.586]"
163,5521934,44,2436.8584,2411.1975,2436.8584,2614.7,83.49454,94.34691,2411.1975,278347.0,2.0183334e6,0.96716595,0.85011935,38,"((abs(sin((-0.029956479 + ((278.5851 * X2) - (329.88632 * X1))))) ^ sin(((-2.3880444 + (324.50775 * X1)) + (abs(sin((0.13144985 + -2.617094))) ^ sin(sin((((1.0649494 * X3) + (774.7431 * X2)) - (-1.0597272 * X1)))))))) * 82.87733) NeoGP.GaussianLikelihood{Float32} Float32[527.586]"
164,5556675,44,2449.1099,2407.2683,2449.1099,2625.9382,70.31119,106.51701,2407.2683,300715.47,1.9586169e6,0.9645273,0.8545539,32,"((abs(sin((-0.027962409 + ((278.5846 * X2) - (329.88657 * X1))))) ^ sin(((-1.8578792 + (324.59937 * X1)) + sin((sin((-22319.797 + sin(((1.0647207 * X3) + 74.90958)))) - -8.108315))))) * 106.071365) NeoGP.GaussianLikelihood{Float32} Float32[548.3753]"
165,5590563,40,2449.1099,2407.2683,2449.1099,2625.9382,70.31119,106.51701,2407.2683,300715.47,1.9586169e6,0.9645273,0.8545539,32,"((abs(sin((-0.027962409 + ((278.5846 * X2) - (329.88657 * X1))))) ^ sin(((-1.8578792 + (324.59937 * X1)) + sin((sin((-22319.797 + sin(((1.0647207 * X3) + 74.90958)))) - -8.108315))))) * 106.071365) NeoGP.GaussianLikelihood{Float32} Float32[548.3753]"
166,5624638,39,2436.6765,2404.322,2436.6765,2608.8684,79.10008,93.09173,2404.322,278027.8,2.0128502e6,0.9672036,0.8505265,36,"((abs(sin((-0.029932398 + ((278.5851 * X2) - (329.8863 * X1))))) ^ sin(((-2.351238 + (324.49533 * X1)) + (abs(sin(-3.7979147)) ^ sin(sin((((1.0652165 * X3) + (774.752 * X2)) - (-1.0498705 * X1)))))))) * 84.30014) NeoGP.GaussianLikelihood{Float32} Float32[527.28345]"
167,5659688,40,2436.6765,2404.322,2436.6765,2608.8684,79.10008,93.09173,2404.322,278027.8,2.0128502e6,0.9672036,0.8505265,36,"((abs(sin((-0.029932398 + ((278.5851 * X2) - (329.8863 * X1))))) ^ sin(((-2.351238 + (324.49533 * X1)) + (abs(sin(-3.7979147)) ^ sin(sin((((1.0652165 * X3) + (774.752 * X2)) - (-1.0498705 * X1)))))))) * 84.30014) NeoGP.GaussianLikelihood{Float32} Float32[527.28345]"
168,5692559,43,2436.6765,2404.322,2436.6765,2608.8684,79.10008,93.09173,2404.322,278027.8,2.0128502e6,0.9672036,0.8505265,36,"((abs(sin((-0.029932398 + ((278.5851 * X2) - (329.8863 * X1))))) ^ sin(((-2.351238 + (324.49533 * X1)) + (abs(sin(-3.7979147)) ^ sin(sin((((1.0652165 * X3) + (774.752 * X2)) - (-1.0498705 * X1)))))))) * 84.30014) NeoGP.GaussianLikelihood{Float32} Float32[527.28345]"
169,5725255,44,2398.43,2404.2732,2398.43,2621.0208,108.2215,114.36947,2404.2732,218419.77,2.0590198e6,0.974235,0.847098,47,"((abs(sin((-0.031076208 + ((278.5853 * X2) - (329.88605 * X1))))) ^ sin(((-2.834543 + (324.65192 * X1)) + (abs(sin(44.66708)) ^ sin(((sqrt(abs(sin(((-1.4725202 + (324.84207 * X1)) + sin(sin(((-2.4371095 * X2) + (1.3677863 * X3)))))))) + (1.050574 * X3)) + -268.051)))))) * 85.66278) NeoGP.GaussianLikelihood{Float32} Float32[467.35388]"
170,5759279,45,2398.43,2404.2732,2398.43,2621.0208,108.2215,114.36947,2404.2732,218419.77,2.0590198e6,0.974235,0.847098,47,"((abs(sin((-0.031076208 + ((278.5853 * X2) - (329.88605 * X1))))) ^ sin(((-2.834543 + (324.65192 * X1)) + (abs(sin(44.66708)) ^ sin(((sqrt(abs(sin(((-1.4725202 + (324.84207 * X1)) + sin(sin(((-2.4371095 * X2) + (1.3677863 * X3)))))))) + (1.050574 * X3)) + -268.051)))))) * 85.66278) NeoGP.GaussianLikelihood{Float32} Float32[467.35388]"
171,5794140,44,2397.488,2398.779,2397.488,2618.448,103.616325,117.34384,2398.779,217125.61,2.0684804e6,0.97438765,0.84639543,45,"((abs(sin((-0.031013565 + ((278.5853 * X2) - (329.88605 * X1))))) ^ sin(((-2.83034 + (324.65054 * X1)) + (abs(sin(44.66106)) ^ sin(((sqrt(abs(sin(((-1.4532144 + (324.837 * X1)) + sin(sin((-1.0249064 + (1.369527 * X3)))))))) + (1.0493141 * X3)) + -268.02777)))))) * 87.22821) NeoGP.GaussianLikelihood{Float32} Float32[465.96735]"
172,5827854,43,2397.488,2398.779,2397.488,2618.448,103.616325,117.34384,2398.779,217125.61,2.0684804e6,0.97438765,0.84639543,45,"((abs(sin((-0.031013565 + ((278.5853 * X2) - (329.88605 * X1))))) ^ sin(((-2.83034 + (324.65054 * X1)) + (abs(sin(44.66106)) ^ sin(((sqrt(abs(sin(((-1.4532144 + (324.837 * X1)) + sin(sin((-1.0249064 + (1.369527 * X3)))))))) + (1.0493141 * X3)) + -268.02777)))))) * 87.22821) NeoGP.GaussianLikelihood{Float32} Float32[465.96735]"
173,5860230,42,2392.3057,2391.5852,2392.3057,2584.1118,101.31374,90.49234,2391.5852,210141.03,1.694028e6,0.97521156,0.87420213,44,"((abs(sin((-0.023954177 + ((278.58383 * X2) - (329.88684 * X1))))) ^ sin(((-2.5648913 + (324.74908 * X1)) + sin((sin(((sqrt(abs(0.00906436)) + (0.501553 * X3)) + sin((sin(((-3.6969745 + (0.6309057 * X3)) + -0.6632971)) + (3.820794 * X2))))) - -8.331668))))) * 90.261086) NeoGP.GaussianLikelihood{Float32} Float32[458.4114]"
174,5893235,42,2392.3057,2391.5852,2392.3057,2584.1118,101.31374,90.49234,2391.5852,210141.03,1.694028e6,0.97521156,0.87420213,44,"((abs(sin((-0.023954177 + ((278.58383 * X2) - (329.88684 * X1))))) ^ sin(((-2.5648913 + (324.74908 * X1)) + sin((sin(((sqrt(abs(0.00906436)) + (0.501553 * X3)) + sin((sin(((-3.6969745 + (0.6309057 * X3)) + -0.6632971)) + (3.820794 * X2))))) - -8.331668))))) * 90.261086) NeoGP.GaussianLikelihood{Float32} Float32[458.4114]"
175,5927510,42,2392.3057,2391.5852,2392.3057,2584.1118,101.31374,90.49234,2391.5852,210141.03,1.694028e6,0.97521156,0.87420213,44,"((abs(sin((-0.023954177 + ((278.58383 * X2) - (329.88684 * X1))))) ^ sin(((-2.5648913 + (324.74908 * X1)) + sin((sin(((sqrt(abs(0.00906436)) + (0.501553 * X3)) + sin((sin(((-3.6969745 + (0.6309057 * X3)) + -0.6632971)) + (3.820794 * X2))))) - -8.331668))))) * 90.261086) NeoGP.GaussianLikelihood{Float32} Float32[458.4114]"
176,5961337,40,2392.3057,2391.5852,2392.3057,2584.1118,101.31374,90.49234,2391.5852,210141.03,1.694028e6,0.97521156,0.87420213,44,"((abs(sin((-0.023954177 + ((278.58383 * X2) - (329.88684 * X1))))) ^ sin(((-2.5648913 + (324.74908 * X1)) + sin((sin(((sqrt(abs(0.00906436)) + (0.501553 * X3)) + sin((sin(((-3.6969745 + (0.6309057 * X3)) + -0.6632971)) + (3.820794 * X2))))) - -8.331668))))) * 90.261086) NeoGP.GaussianLikelihood{Float32} Float32[458.4114]"
177,5992594,40,2392.3057,2391.5852,2392.3057,2584.1118,101.31374,90.49234,2391.5852,210141.03,1.694028e6,0.97521156,0.87420213,44,"((abs(sin((-0.023954177 + ((278.58383 * X2) - (329.88684 * X1))))) ^ sin(((-2.5648913 + (324.74908 * X1)) + sin((sin(((sqrt(abs(0.00906436)) + (0.501553 * X3)) + sin((sin(((-3.6969745 + (0.6309057 * X3)) + -0.6632971)) + (3.820794 * X2))))) - -8.331668))))) * 90.261086) NeoGP.GaussianLikelihood{Float32} Float32[458.4114]"
178,6026298,40,2392.3057,2391.5852,2392.3057,2584.1118,101.31374,90.49234,2391.5852,210141.03,1.694028e6,0.97521156,0.87420213,44,"((abs(sin((-0.023954177 + ((278.58383 * X2) - (329.88684 * X1))))) ^ sin(((-2.5648913 + (324.74908 * X1)) + sin((sin(((sqrt(abs(0.00906436)) + (0.501553 * X3)) + sin((sin(((-3.6969745 + (0.6309057 * X3)) + -0.6632971)) + (3.820794 * X2))))) - -8.331668))))) * 90.261086) NeoGP.GaussianLikelihood{Float32} Float32[458.4114]"
179,6059347,40,2392.3057,2391.5852,2392.3057,2584.1118,101.31374,90.49234,2391.5852,210141.03,1.694028e6,0.97521156,0.87420213,44,"((abs(sin((-0.023954177 + ((278.58383 * X2) - (329.88684 * X1))))) ^ sin(((-2.5648913 + (324.74908 * X1)) + sin((sin(((sqrt(abs(0.00906436)) + (0.501553 * X3)) + sin((sin(((-3.6969745 + (0.6309057 * X3)) + -0.6632971)) + (3.820794 * X2))))) - -8.331668))))) * 90.261086) NeoGP.GaussianLikelihood{Float32} Float32[458.4114]"
180,6095367,40,2392.3057,2391.5852,2392.3057,2584.1118,101.31374,90.49234,2391.5852,210141.03,1.694028e6,0.97521156,0.87420213,44,"((abs(sin((-0.023954177 + ((278.58383 * X2) - (329.88684 * X1))))) ^ sin(((-2.5648913 + (324.74908 * X1)) + sin((sin(((sqrt(abs(0.00906436)) + (0.501553 * X3)) + sin((sin(((-3.6969745 + (0.6309057 * X3)) + -0.6632971)) + (3.820794 * X2))))) - -8.331668))))) * 90.261086) NeoGP.GaussianLikelihood{Float32} Float32[458.4114]"
181,6128109,40,2373.6997,2378.2893,2373.6997,2599.9785,103.269554,123.00928,2378.2893,186865.66,2.818663e6,0.9779571,0.7906872,47,"((abs(sin((-0.019493628 + ((278.58282 * X2) - (329.8872 * X1))))) ^ sin(((-4.035443 + (324.77258 * X1)) + (abs(sin(-0.48201033)) ^ sin((sin((((0.33958417 + (324.3822 * X1)) + (1.0748892 * X3)) + sin(sin((-0.43051296 + sin((-90.75524 + (1.1437919 * X3)))))))) - 1.6072941)))))) * 98.89979) NeoGP.GaussianLikelihood{Float32} Float32[432.27966]"
182,6163617,40,2373.6997,2378.2893,2373.6997,2599.9785,103.269554,123.00928,2378.2893,186865.66,2.818663e6,0.9779571,0.7906872,47,"((abs(sin((-0.019493628 + ((278.58282 * X2) - (329.8872 * X1))))) ^ sin(((-4.035443 + (324.77258 * X1)) + (abs(sin(-0.48201033)) ^ sin((sin((((0.33958417 + (324.3822 * X1)) + (1.0748892 * X3)) + sin(sin((-0.43051296 + sin((-90.75524 + (1.1437919 * X3)))))))) - 1.6072941)))))) * 98.89979) NeoGP.GaussianLikelihood{Float32} Float32[432.27966]"
183,6196007,41,2373.6997,2378.2893,2373.6997,2599.9785,103.269554,123.00928,2378.2893,186865.66,2.818663e6,0.9779571,0.7906872,47,"((abs(sin((-0.019493628 + ((278.58282 * X2) - (329.8872 * X1))))) ^ sin(((-4.035443 + (324.77258 * X1)) + (abs(sin(-0.48201033)) ^ sin((sin((((0.33958417 + (324.3822 * X1)) + (1.0748892 * X3)) + sin(sin((-0.43051296 + sin((-90.75524 + (1.1437919 * X3)))))))) - 1.6072941)))))) * 98.89979) NeoGP.GaussianLikelihood{Float32} Float32[432.27966]"
184,6227166,38,2373.6997,2378.2893,2373.6997,2599.9785,103.269554,123.00928,2378.2893,186865.66,2.818663e6,0.9779571,0.7906872,47,"((abs(sin((-0.019493628 + ((278.58282 * X2) - (329.8872 * X1))))) ^ sin(((-4.035443 + (324.77258 * X1)) + (abs(sin(-0.48201033)) ^ sin((sin((((0.33958417 + (324.3822 * X1)) + (1.0748892 * X3)) + sin(sin((-0.43051296 + sin((-90.75524 + (1.1437919 * X3)))))))) - 1.6072941)))))) * 98.89979) NeoGP.GaussianLikelihood{Float32} Float32[432.27966]"
185,6256475,38,2373.6997,2378.2893,2373.6997,2599.9785,103.269554,123.00928,2378.2893,186865.66,2.818663e6,0.9779571,0.7906872,47,"((abs(sin((-0.019493628 + ((278.58282 * X2) - (329.8872 * X1))))) ^ sin(((-4.035443 + (324.77258 * X1)) + (abs(sin(-0.48201033)) ^ sin((sin((((0.33958417 + (324.3822 * X1)) + (1.0748892 * X3)) + sin(sin((-0.43051296 + sin((-90.75524 + (1.1437919 * X3)))))))) - 1.6072941)))))) * 98.89979) NeoGP.GaussianLikelihood{Float32} Float32[432.27966]"
186,6291173,38,2373.6997,2378.2893,2373.6997,2599.9785,103.269554,123.00928,2378.2893,186865.66,2.818663e6,0.9779571,0.7906872,47,"((abs(sin((-0.019493628 + ((278.58282 * X2) - (329.8872 * X1))))) ^ sin(((-4.035443 + (324.77258 * X1)) + (abs(sin(-0.48201033)) ^ sin((sin((((0.33958417 + (324.3822 * X1)) + (1.0748892 * X3)) + sin(sin((-0.43051296 + sin((-90.75524 + (1.1437919 * X3)))))))) - 1.6072941)))))) * 98.89979) NeoGP.GaussianLikelihood{Float32} Float32[432.27966]"
187,6325559,39,2373.6863,2378.2769,2373.6863,2600.3435,103.269554,123.38772,2378.2769,186850.14,2.8214285e6,0.977959,0.7904818,47,"((abs(sin((-0.01950384 + ((278.58282 * X2) - (329.8872 * X1))))) ^ sin(((-4.0341816 + (324.77225 * X1)) + (abs(sin(0.48200354)) ^ sin((sin((((0.33914605 + (324.3823 * X1)) + (1.0748916 * X3)) + sin(sin((-0.43039837 + sin((-90.755455 + (1.143809 * X3)))))))) - 1.6072725)))))) * 98.750824) NeoGP.GaussianLikelihood{Float32} Float32[432.26163]"
188,6358084,38,2373.6863,2378.2769,2373.6863,2600.3435,103.269554,123.38772,2378.2769,186850.14,2.8214285e6,0.977959,0.7904818,47,"((abs(sin((-0.01950384 + ((278.58282 * X2) - (329.8872 * X1))))) ^ sin(((-4.0341816 + (324.77225 * X1)) + (abs(sin(0.48200354)) ^ sin((sin((((0.33914605 + (324.3823 * X1)) + (1.0748916 * X3)) + sin(sin((-0.43039837 + sin((-90.755455 + (1.143809 * X3)))))))) - 1.6072725)))))) * 98.750824) NeoGP.GaussianLikelihood{Float32} Float32[432.26163]"
189,6389367,37,2373.6863,2378.2769,2373.6863,2600.3435,103.269554,123.38772,2378.2769,186850.14,2.8214285e6,0.977959,0.7904818,47,"((abs(sin((-0.01950384 + ((278.58282 * X2) - (329.8872 * X1))))) ^ sin(((-4.0341816 + (324.77225 * X1)) + (abs(sin(0.48200354)) ^ sin((sin((((0.33914605 + (324.3823 * X1)) + (1.0748916 * X3)) + sin(sin((-0.43039837 + sin((-90.755455 + (1.143809 * X3)))))))) - 1.6072725)))))) * 98.750824) NeoGP.GaussianLikelihood{Float32} Float32[432.26163]"
190,6419809,38,2373.6863,2378.2769,2373.6863,2600.3435,103.269554,123.38772,2378.2769,186850.14,2.8214285e6,0.977959,0.7904818,47,"((abs(sin((-0.01950384 + ((278.58282 * X2) - (329.8872 * X1))))) ^ sin(((-4.0341816 + (324.77225 * X1)) + (abs(sin(0.48200354)) ^ sin((sin((((0.33914605 + (324.3823 * X1)) + (1.0748916 * X3)) + sin(sin((-0.43039837 + sin((-90.755455 + (1.143809 * X3)))))))) - 1.6072725)))))) * 98.750824) NeoGP.GaussianLikelihood{Float32} Float32[432.26163]"
191,6453015,39,2373.6863,2378.2769,2373.6863,2600.3435,103.269554,123.38772,2378.2769,186850.14,2.8214285e6,0.977959,0.7904818,47,"((abs(sin((-0.01950384 + ((278.58282 * X2) - (329.8872 * X1))))) ^ sin(((-4.0341816 + (324.77225 * X1)) + (abs(sin(0.48200354)) ^ sin((sin((((0.33914605 + (324.3823 * X1)) + (1.0748916 * X3)) + sin(sin((-0.43039837 + sin((-90.755455 + (1.143809 * X3)))))))) - 1.6072725)))))) * 98.750824) NeoGP.GaussianLikelihood{Float32} Float32[432.26163]"
192,6484146,39,2373.685,2378.2756,2373.685,2597.2524,103.269554,120.29775,2378.2756,186848.42,2.823774e6,0.9779592,0.79030764,47,"((abs(sin((-0.019712584 + ((278.58322 * X2) - (329.8875 * X1))))) ^ sin(((-4.034174 + (324.7718 * X1)) + (abs(sin(-0.48159313)) ^ sin((sin((((0.33792922 + (324.3828 * X1)) + (1.0748132 * X3)) + sin(sin((-0.4290742 + sin((-2.7965567 + (1.1441281 * X3)))))))) - 1.6070819)))))) * 99.42335) NeoGP.GaussianLikelihood{Float32} Float32[432.25964]"
193,6516006,40,2372.2734,2376.9434,2372.2734,2596.7822,103.269554,121.23924,2376.9434,185191.89,2.933801e6,0.9781546,0.7821371,47,"((abs(sin((-0.017095748 + ((278.5776 * X2) - (324.65018 * X1))))) ^ sin(((-4.075886 + (324.77814 * X1)) + (abs(sin(-0.47299984)) ^ sin((sin((((0.28982222 + (176.73071 * X2)) + (1.0747656 * X3)) + sin(sin((-0.3749394 + sin((-90.766106 + (1.1438234 * X3)))))))) - 1.5508435)))))) * 88.52574) NeoGP.GaussianLikelihood{Float32} Float32[430.33932]"
194,6545730,40,2372.2734,2376.9434,2372.2734,2596.7822,103.269554,121.23924,2376.9434,185191.89,2.933801e6,0.9781546,0.7821371,47,"((abs(sin((-0.017095748 + ((278.5776 * X2) - (324.65018 * X1))))) ^ sin(((-4.075886 + (324.77814 * X1)) + (abs(sin(-0.47299984)) ^ sin((sin((((0.28982222 + (176.73071 * X2)) + (1.0747656 * X3)) + sin(sin((-0.3749394 + sin((-90.766106 + (1.1438234 * X3)))))))) - 1.5508435)))))) * 88.52574) NeoGP.GaussianLikelihood{Float32} Float32[430.33932]"
195,6576773,40,2372.2734,2376.9434,2372.2734,2596.7822,103.269554,121.23924,2376.9434,185191.89,2.933801e6,0.9781546,0.7821371,47,"((abs(sin((-0.017095748 + ((278.5776 * X2) - (324.65018 * X1))))) ^ sin(((-4.075886 + (324.77814 * X1)) + (abs(sin(-0.47299984)) ^ sin((sin((((0.28982222 + (176.73071 * X2)) + (1.0747656 * X3)) + sin(sin((-0.3749394 + sin((-90.766106 + (1.1438234 * X3)))))))) - 1.5508435)))))) * 88.52574) NeoGP.GaussianLikelihood{Float32} Float32[430.33932]"
196,6607296,38,2383.0903,2373.7449,2383.0903,2578.5818,94.48066,101.01064,2373.7449,198271.52,6.0580875e6,0.97661173,0.5501288,43,"(((abs(sin((-0.022302236 + ((278.58356 * X2) - (329.88748 * X1))))) ^ sin(((-1.4915806 + (324.5171 * X1)) + sin((sin(((0.5043977 * X3) + sin((sin(((-1.2506411 * X2) + (1.1922791 * X3))) + (330.28683 * X1))))) - -0.07266134))))) * 92.769745) + 7.305122) NeoGP.GaussianLikelihood{Float32} Float32[445.27698]"
197,6639251,37,2383.0903,2373.7449,2383.0903,2578.5818,94.48066,101.01064,2373.7449,198271.52,6.0580875e6,0.97661173,0.5501288,43,"(((abs(sin((-0.022302236 + ((278.58356 * X2) - (329.88748 * X1))))) ^ sin(((-1.4915806 + (324.5171 * X1)) + sin((sin(((0.5043977 * X3) + sin((sin(((-1.2506411 * X2) + (1.1922791 * X3))) + (330.28683 * X1))))) - -0.07266134))))) * 92.769745) + 7.305122) NeoGP.GaussianLikelihood{Float32} Float32[445.27698]"
198,6670588,37,2383.0903,2373.7449,2383.0903,2578.5818,94.48066,101.01064,2373.7449,198271.52,6.0580875e6,0.97661173,0.5501288,43,"(((abs(sin((-0.022302236 + ((278.58356 * X2) - (329.88748 * X1))))) ^ sin(((-1.4915806 + (324.5171 * X1)) + sin((sin(((0.5043977 * X3) + sin((sin(((-1.2506411 * X2) + (1.1922791 * X3))) + (330.28683 * X1))))) - -0.07266134))))) * 92.769745) + 7.305122) NeoGP.GaussianLikelihood{Float32} Float32[445.27698]"
199,6702149,36,2383.0903,2373.7449,2383.0903,2578.5818,94.48066,101.01064,2373.7449,198271.52,6.0580875e6,0.97661173,0.5501288,43,"(((abs(sin((-0.022302236 + ((278.58356 * X2) - (329.88748 * X1))))) ^ sin(((-1.4915806 + (324.5171 * X1)) + sin((sin(((0.5043977 * X3) + sin((sin(((-1.2506411 * X2) + (1.1922791 * X3))) + (330.28683 * X1))))) - -0.07266134))))) * 92.769745) + 7.305122) NeoGP.GaussianLikelihood{Float32} Float32[445.27698]"
200,6733804,36,2383.0903,2373.7449,2383.0903,2578.5818,94.48066,101.01064,2373.7449,198271.52,6.0580875e6,0.97661173,0.5501288,43,"(((abs(sin((-0.022302236 + ((278.58356 * X2) - (329.88748 * X1))))) ^ sin(((-1.4915806 + (324.5171 * X1)) + sin((sin(((0.5043977 * X3) + sin((sin(((-1.2506411 * X2) + (1.1922791 * X3))) + (330.28683 * X1))))) - -0.07266134))))) * 92.769745) + 7.305122) NeoGP.GaussianLikelihood{Float32} Float32[445.27698]"
739.398549 seconds (87.45 M allocations: 7.865 GiB, 0.41% gc time, 12508 lock conflicts, 4.06% compilation time)
