-- TINY GP (Julia version) --
SEED=-1
MAX_LEN=50
POPSIZE=500
DEPTH=5
CROSSOVER_PROB=0.900000
PMUT_PER_NODE=0.050000
GENERATIONS=200
TSIZE=2
----------------------------------
gen,fevals,best_fitness,dl,MSE_train,MSE_test,R2_train,R2_test,nll_train,nll_test,avg_len,avg_fitness,size,Expression
1,7910,124946.74,124972.11,57.660572,46.2975,0.9548811,0.9482097,124946.74,86643.68,6.11,Inf,7,"exp((sin((-4.5406413 + X1)) + 4.2605)) [likelihood params: Float32[]]"
2,14665,124946.74,124972.11,57.660572,46.2975,0.9548811,0.9482097,124946.74,86643.68,6.006,Inf,7,"exp((sin((-4.5406413 + X1)) + 4.2605)) [likelihood params: Float32[]]"
3,21734,124946.74,124972.11,57.660572,46.2975,0.9548811,0.9482097,124946.74,86643.68,6.024,Inf,7,"exp((sin((-4.5406413 + X1)) + 4.2605)) [likelihood params: Float32[]]"
4,28654,124946.74,124972.11,57.660572,46.2975,0.9548811,0.9482097,124946.74,86643.68,6.482,Inf,7,"exp((sin((-4.5406413 + X1)) + 4.2605)) [likelihood params: Float32[]]"
5,35207,124946.74,124972.11,57.660572,46.2975,0.9548811,0.9482097,124946.74,86643.68,7.338,Inf,7,"exp((sin((-4.5406413 + X1)) + 4.2605)) [likelihood params: Float32[]]"
6,41986,124217.22,124265.99,57.31318,46.47522,0.95515287,0.9480109,124217.22,86963.58,7.368,Inf,10,"exp((exp((sin((70.88233 + X1)) + 4.145118)) ^ 1.0210098)) [likelihood params: Float32[]]"
7,48685,124217.22,124265.99,57.31318,46.47522,0.95515287,0.9480109,124217.22,86963.58,8.212,Inf,10,"exp((exp((sin((70.88233 + X1)) + 4.145118)) ^ 1.0210098)) [likelihood params: Float32[]]"
8,55556,124217.01,124274.22,57.31308,46.476555,0.9551529,0.94800943,124217.01,86965.98,8.372,Inf,13,"exp((exp((sin(((sin(0.29339212) * 38.700127) + X1)) - 4.1451116)) ^ -1.021006)) [likelihood params: Float32[]]"
9,63039,124217.01,124274.22,57.31308,46.476555,0.9551529,0.94800943,124217.01,86965.98,8.56,Inf,13,"exp((exp((sin(((sin(0.29339212) * 38.700127) + X1)) - 4.1451116)) ^ -1.021006)) [likelihood params: Float32[]]"
10,69577,124217.01,124274.22,57.31308,46.476555,0.9551529,0.94800943,124217.01,86965.98,10.118,Inf,13,"exp((exp((sin(((sin(0.29339212) * 38.700127) + X1)) - 4.1451116)) ^ -1.021006)) [likelihood params: Float32[]]"
11,76827,124217.01,124274.22,57.31308,46.476555,0.9551529,0.94800943,124217.01,86965.98,10.878,Inf,13,"exp((exp((sin(((sin(0.29339212) * 38.700127) + X1)) - 4.1451116)) ^ -1.021006)) [likelihood params: Float32[]]"
12,84364,124217.01,124274.22,57.31308,46.476555,0.9551529,0.94800943,124217.01,86965.98,11.524,Inf,13,"exp((exp((sin(((sin(0.29339212) * 38.700127) + X1)) - 4.1451116)) ^ -1.021006)) [likelihood params: Float32[]]"
13,91366,124217.01,124274.22,57.31308,46.476555,0.9551529,0.94800943,124217.01,86965.98,13.416,Inf,13,"exp((exp((sin(((sin(0.29339212) * 38.700127) + X1)) - 4.1451116)) ^ -1.021006)) [likelihood params: Float32[]]"
14,98610,124217.01,124274.22,57.31308,46.476555,0.9551529,0.94800943,124217.01,86965.98,15.932,Inf,13,"exp((exp((sin(((sin(0.29339212) * 38.700127) + X1)) - 4.1451116)) ^ -1.021006)) [likelihood params: Float32[]]"
15,105402,124217.01,124274.22,57.31308,46.476555,0.9551529,0.94800943,124217.01,86965.98,18.47,Inf,13,"exp((exp((sin(((sin(0.29339212) * 38.700127) + X1)) - 4.1451116)) ^ -1.021006)) [likelihood params: Float32[]]"
16,112146,124216.98,124272.42,57.313065,46.475624,0.955153,0.94801044,124216.98,86964.305,19.528,Inf,12,"exp((exp((sin(((-0.5513336 * 36.68165) + X1)) - 4.145106)) ^ -1.0210096)) [likelihood params: Float32[]]"
17,118283,124216.98,124272.42,57.313065,46.475624,0.955153,0.94801044,124216.98,86964.305,20.694,Inf,12,"exp((exp((sin(((-0.5513336 * 36.68165) + X1)) - 4.145106)) ^ -1.0210096)) [likelihood params: Float32[]]"
18,123816,124216.98,124272.42,57.313065,46.475624,0.955153,0.94801044,124216.98,86964.305,22.684,Inf,12,"exp((exp((sin(((-0.5513336 * 36.68165) + X1)) - 4.145106)) ^ -1.0210096)) [likelihood params: Float32[]]"
19,129519,124216.98,124272.42,57.313065,46.475624,0.955153,0.94801044,124216.98,86964.305,24.256,Inf,12,"exp((exp((sin(((-0.5513336 * 36.68165) + X1)) - 4.145106)) ^ -1.0210096)) [likelihood params: Float32[]]"
20,136225,124216.98,124272.42,57.313065,46.475624,0.955153,0.94801044,124216.98,86964.305,24.928,Inf,12,"exp((exp((sin(((-0.5513336 * 36.68165) + X1)) - 4.145106)) ^ -1.0210096)) [likelihood params: Float32[]]"
21,142138,124011.336,124062.06,57.21514,46.318832,0.9552296,0.94818586,124011.336,86682.08,25.254,Inf,14,"exp(exp((exp((sin(log(((16801.125 / X1) + X1))) - 1.3586117)) ^ -2.5092697))) [likelihood params: Float32[]]"
22,147887,124011.336,124062.06,57.21514,46.318832,0.9552296,0.94818586,124011.336,86682.08,26.988,Inf,14,"exp(exp((exp((sin(log(((16801.125 / X1) + X1))) - 1.3586117)) ^ -2.5092697))) [likelihood params: Float32[]]"
23,153183,124011.336,124062.06,57.21514,46.318832,0.9552296,0.94818586,124011.336,86682.08,27.672,Inf,14,"exp(exp((exp((sin(log(((16801.125 / X1) + X1))) - 1.3586117)) ^ -2.5092697))) [likelihood params: Float32[]]"
24,158421,124011.336,124062.06,57.21514,46.318832,0.9552296,0.94818586,124011.336,86682.08,29.06,Inf,14,"exp(exp((exp((sin(log(((16801.125 / X1) + X1))) - 1.3586117)) ^ -2.5092697))) [likelihood params: Float32[]]"
25,164194,124011.336,124062.06,57.21514,46.318832,0.9552296,0.94818586,124011.336,86682.08,29.756,Inf,14,"exp(exp((exp((sin(log(((16801.125 / X1) + X1))) - 1.3586117)) ^ -2.5092697))) [likelihood params: Float32[]]"
26,169384,124011.336,124062.06,57.21514,46.318832,0.9552296,0.94818586,124011.336,86682.08,29.612,Inf,14,"exp(exp((exp((sin(log(((16801.125 / X1) + X1))) - 1.3586117)) ^ -2.5092697))) [likelihood params: Float32[]]"
27,175137,124011.336,124062.06,57.21514,46.318832,0.9552296,0.94818586,124011.336,86682.08,29.824,Inf,14,"exp(exp((exp((sin(log(((16801.125 / X1) + X1))) - 1.3586117)) ^ -2.5092697))) [likelihood params: Float32[]]"
28,181433,124011.336,124062.06,57.21514,46.318832,0.9552296,0.94818586,124011.336,86682.08,29.994,Inf,14,"exp(exp((exp((sin(log(((16801.125 / X1) + X1))) - 1.3586117)) ^ -2.5092697))) [likelihood params: Float32[]]"
29,188192,124011.336,124062.06,57.21514,46.318832,0.9552296,0.94818586,124011.336,86682.08,29.766,Inf,14,"exp(exp((exp((sin(log(((16801.125 / X1) + X1))) - 1.3586117)) ^ -2.5092697))) [likelihood params: Float32[]]"
30,193802,124011.336,124062.06,57.21514,46.318832,0.9552296,0.94818586,124011.336,86682.08,31.032,Inf,14,"exp(exp((exp((sin(log(((16801.125 / X1) + X1))) - 1.3586117)) ^ -2.5092697))) [likelihood params: Float32[]]"
31,199595,115919.62,115965.484,53.361942,43.846992,0.9582447,0.950951,115919.62,82232.766,31.13,Inf,13,"((X2 / sqrt((3331.83 - -1326.0365))) - (587.0709 + (-3794.1804 / log(X1)))) [likelihood params: Float32[]]"
32,206710,115919.62,115965.484,53.361942,43.846992,0.9582447,0.950951,115919.62,82232.766,30.514,Inf,13,"((X2 / sqrt((3331.83 - -1326.0365))) - (587.0709 + (-3794.1804 / log(X1)))) [likelihood params: Float32[]]"
33,213597,115919.62,115965.484,53.361942,43.846992,0.9582447,0.950951,115919.62,82232.766,31.124,Inf,13,"((X2 / sqrt((3331.83 - -1326.0365))) - (587.0709 + (-3794.1804 / log(X1)))) [likelihood params: Float32[]]"
34,220272,115919.62,115965.484,53.361942,43.846992,0.9582447,0.950951,115919.62,82232.766,32.72,Inf,13,"((X2 / sqrt((3331.83 - -1326.0365))) - (587.0709 + (-3794.1804 / log(X1)))) [likelihood params: Float32[]]"
35,226346,82670.3,82722.414,37.52893,27.780764,0.9706339,0.9689233,82670.3,53313.555,33.082,Inf,16,"(((2.4699372e6 / log((sin(X2) + X2))) / -48792.516) - (572.6749 + (-3794.1855 / log(X1)))) [likelihood params: Float32[]]"
36,232975,82670.11,82722.1,37.528843,27.78079,0.970634,0.9689233,82670.11,53313.6,32.58,Inf,16,"(((-16019.32 / log((sin(X2) + X2))) / 316.45447) - (572.6744 + (-3794.1824 / log(X1)))) [likelihood params: Float32[]]"
37,240665,82670.11,82722.1,37.528843,27.78079,0.970634,0.9689233,82670.11,53313.6,32.2,Inf,16,"(((-16019.32 / log((sin(X2) + X2))) / 316.45447) - (572.6744 + (-3794.1824 / log(X1)))) [likelihood params: Float32[]]"
38,247205,82670.11,82722.1,37.528843,27.78079,0.970634,0.9689233,82670.11,53313.6,32.682,Inf,16,"(((-16019.32 / log((sin(X2) + X2))) / 316.45447) - (572.6744 + (-3794.1824 / log(X1)))) [likelihood params: Float32[]]"
39,253609,82670.11,82722.1,37.528843,27.78079,0.970634,0.9689233,82670.11,53313.6,34.202,Inf,16,"(((-16019.32 / log((sin(X2) + X2))) / 316.45447) - (572.6744 + (-3794.1824 / log(X1)))) [likelihood params: Float32[]]"
40,260211,77476.234,3.4028235e38,35.05557,27.638243,0.9725693,0.9690827,77476.234,53057.016,33.754,Inf,42,"((exp(((X1 / X1) + 4.1651235)) ^ 8.472199) - (-10697.905 + ((((X1 ^ 4.1651235) ^ log((-0.9152137 ^ log((129.16704 ^ -4.6826425))))) - (-3.0639424e7 + exp(19.159086))) / ((((-16524.232 + 13468.795) / ((log(X2) / X1) - 0.12225368)) / X1) - 20.76677)))) [likelihood params: Float32[]]"
41,265784,77476.234,3.4028235e38,35.05557,27.638243,0.9725693,0.9690827,77476.234,53057.016,33.75,Inf,42,"((exp(((X1 / X1) + 4.1651235)) ^ 8.472199) - (-10697.905 + ((((X1 ^ 4.1651235) ^ log((-0.9152137 ^ log((129.16704 ^ -4.6826425))))) - (-3.0639424e7 + exp(19.159086))) / ((((-16524.232 + 13468.795) / ((log(X2) / X1) - 0.12225368)) / X1) - 20.76677)))) [likelihood params: Float32[]]"
42,271514,77476.234,3.4028235e38,35.05557,27.638243,0.9725693,0.9690827,77476.234,53057.016,33.262,Inf,42,"((exp(((X1 / X1) + 4.1651235)) ^ 8.472199) - (-10697.905 + ((((X1 ^ 4.1651235) ^ log((-0.9152137 ^ log((129.16704 ^ -4.6826425))))) - (-3.0639424e7 + exp(19.159086))) / ((((-16524.232 + 13468.795) / ((log(X2) / X1) - 0.12225368)) / X1) - 20.76677)))) [likelihood params: Float32[]]"
43,277476,77476.234,3.4028235e38,35.05557,27.638243,0.9725693,0.9690827,77476.234,53057.016,33.914,Inf,42,"((exp(((X1 / X1) + 4.1651235)) ^ 8.472199) - (-10697.905 + ((((X1 ^ 4.1651235) ^ log((-0.9152137 ^ log((129.16704 ^ -4.6826425))))) - (-3.0639424e7 + exp(19.159086))) / ((((-16524.232 + 13468.795) / ((log(X2) / X1) - 0.12225368)) / X1) - 20.76677)))) [likelihood params: Float32[]]"
44,283338,77476.234,3.4028235e38,35.05557,27.638243,0.9725693,0.9690827,77476.234,53057.016,34.078,Inf,42,"((exp(((X1 / X1) + 4.1651235)) ^ 8.472199) - (-10697.905 + ((((X1 ^ 4.1651235) ^ log((-0.9152137 ^ log((129.16704 ^ -4.6826425))))) - (-3.0639424e7 + exp(19.159086))) / ((((-16524.232 + 13468.795) / ((log(X2) / X1) - 0.12225368)) / X1) - 20.76677)))) [likelihood params: Float32[]]"
45,290169,77476.195,3.4028235e38,35.05555,27.638222,0.9725693,0.9690828,77476.195,53056.98,33.44,Inf,50,"((exp((((sqrt((X1 - -5.7776794e8)) / X1) / X1) + 4.1651235)) ^ 8.472199) - (76.45837 + (((((-0.90235144 - exp(4.2731605)) ^ 4.1651235) ^ log((-0.9152137 ^ log((129.16704 ^ -4.6826425))))) - (-3.0639424e7 + exp(19.159086))) / ((((-9499.053 + 6443.6826) / ((log(X2) / X1) - 0.12225174)) / X1) - 20.76646)))) [likelihood params: Float32[]]"
46,297040,36697.168,3.4028235e38,15.636964,15.879528,0.9877642,0.9822365,36697.168,31891.328,34.096,Inf,24,"(((697381.75 / X1) - 677.99634) / ((-5335.308 / log(X1)) - ((-984.5689 / ((log(X2) / X1) - -1.5749582)) + (-5846.3325 / sqrt(X1))))) [likelihood params: Float32[]]"
47,303547,36695.438,3.4028235e38,15.63614,15.888832,0.98776484,0.9822261,36695.438,31908.078,34.984,Inf,24,"(((697406.6 / X1) - 677.941) / ((-5335.315 / log(X1)) - ((-984.56726 / ((log(X2) / X1) - -1.5749631)) + (-5846.309 / sqrt(X1))))) [likelihood params: Float32[]]"
48,310212,36695.438,3.4028235e38,15.63614,15.888832,0.98776484,0.9822261,36695.438,31908.078,35.366,Inf,24,"(((697406.6 / X1) - 677.941) / ((-5335.315 / log(X1)) - ((-984.56726 / ((log(X2) / X1) - -1.5749631)) + (-5846.309 / sqrt(X1))))) [likelihood params: Float32[]]"
49,316516,36695.438,3.4028235e38,15.63614,15.888832,0.98776484,0.9822261,36695.438,31908.078,35.832,Inf,24,"(((697406.6 / X1) - 677.941) / ((-5335.315 / log(X1)) - ((-984.56726 / ((log(X2) / X1) - -1.5749631)) + (-5846.309 / sqrt(X1))))) [likelihood params: Float32[]]"
50,323193,36695.438,3.4028235e38,15.63614,15.888832,0.98776484,0.9822261,36695.438,31908.078,35.706,Inf,24,"(((697406.6 / X1) - 677.941) / ((-5335.315 / log(X1)) - ((-984.56726 / ((log(X2) / X1) - -1.5749631)) + (-5846.309 / sqrt(X1))))) [likelihood params: Float32[]]"
51,329702,36695.438,3.4028235e38,15.63614,15.888832,0.98776484,0.9822261,36695.438,31908.078,35.704,Inf,24,"(((697406.6 / X1) - 677.941) / ((-5335.315 / log(X1)) - ((-984.56726 / ((log(X2) / X1) - -1.5749631)) + (-5846.309 / sqrt(X1))))) [likelihood params: Float32[]]"
52,336730,36695.438,3.4028235e38,15.63614,15.888832,0.98776484,0.9822261,36695.438,31908.078,34.992,Inf,24,"(((697406.6 / X1) - 677.941) / ((-5335.315 / log(X1)) - ((-984.56726 / ((log(X2) / X1) - -1.5749631)) + (-5846.309 / sqrt(X1))))) [likelihood params: Float32[]]"
53,344142,36695.438,3.4028235e38,15.63614,15.888832,0.98776484,0.9822261,36695.438,31908.078,36.022,Inf,24,"(((697406.6 / X1) - 677.941) / ((-5335.315 / log(X1)) - ((-984.56726 / ((log(X2) / X1) - -1.5749631)) + (-5846.309 / sqrt(X1))))) [likelihood params: Float32[]]"
54,351050,36695.438,3.4028235e38,15.63614,15.888832,0.98776484,0.9822261,36695.438,31908.078,35.726,Inf,24,"(((697406.6 / X1) - 677.941) / ((-5335.315 / log(X1)) - ((-984.56726 / ((log(X2) / X1) - -1.5749631)) + (-5846.309 / sqrt(X1))))) [likelihood params: Float32[]]"
55,358436,36695.438,3.4028235e38,15.63614,15.888832,0.98776484,0.9822261,36695.438,31908.078,35.9,Inf,24,"(((697406.6 / X1) - 677.941) / ((-5335.315 / log(X1)) - ((-984.56726 / ((log(X2) / X1) - -1.5749631)) + (-5846.309 / sqrt(X1))))) [likelihood params: Float32[]]"
56,364696,36695.438,3.4028235e38,15.63614,15.888832,0.98776484,0.9822261,36695.438,31908.078,36.434,Inf,24,"(((697406.6 / X1) - 677.941) / ((-5335.315 / log(X1)) - ((-984.56726 / ((log(X2) / X1) - -1.5749631)) + (-5846.309 / sqrt(X1))))) [likelihood params: Float32[]]"
57,370901,36695.438,3.4028235e38,15.63614,15.888832,0.98776484,0.9822261,36695.438,31908.078,36.62,Inf,24,"(((697406.6 / X1) - 677.941) / ((-5335.315 / log(X1)) - ((-984.56726 / ((log(X2) / X1) - -1.5749631)) + (-5846.309 / sqrt(X1))))) [likelihood params: Float32[]]"
58,377499,36695.438,3.4028235e38,15.63614,15.888832,0.98776484,0.9822261,36695.438,31908.078,35.66,Inf,24,"(((697406.6 / X1) - 677.941) / ((-5335.315 / log(X1)) - ((-984.56726 / ((log(X2) / X1) - -1.5749631)) + (-5846.309 / sqrt(X1))))) [likelihood params: Float32[]]"
59,384500,36695.438,3.4028235e38,15.63614,15.888832,0.98776484,0.9822261,36695.438,31908.078,35.298,Inf,24,"(((697406.6 / X1) - 677.941) / ((-5335.315 / log(X1)) - ((-984.56726 / ((log(X2) / X1) - -1.5749631)) + (-5846.309 / sqrt(X1))))) [likelihood params: Float32[]]"
60,391536,36695.438,3.4028235e38,15.63614,15.888832,0.98776484,0.9822261,36695.438,31908.078,35.866,Inf,24,"(((697406.6 / X1) - 677.941) / ((-5335.315 / log(X1)) - ((-984.56726 / ((log(X2) / X1) - -1.5749631)) + (-5846.309 / sqrt(X1))))) [likelihood params: Float32[]]"
61,397956,36695.438,3.4028235e38,15.63614,15.888832,0.98776484,0.9822261,36695.438,31908.078,36.19,Inf,24,"(((697406.6 / X1) - 677.941) / ((-5335.315 / log(X1)) - ((-984.56726 / ((log(X2) / X1) - -1.5749631)) + (-5846.309 / sqrt(X1))))) [likelihood params: Float32[]]"
62,405035,36695.438,3.4028235e38,15.63614,15.888832,0.98776484,0.9822261,36695.438,31908.078,36.208,Inf,24,"(((697406.6 / X1) - 677.941) / ((-5335.315 / log(X1)) - ((-984.56726 / ((log(X2) / X1) - -1.5749631)) + (-5846.309 / sqrt(X1))))) [likelihood params: Float32[]]"
63,411754,36695.438,3.4028235e38,15.63614,15.888832,0.98776484,0.9822261,36695.438,31908.078,36.028,Inf,24,"(((697406.6 / X1) - 677.941) / ((-5335.315 / log(X1)) - ((-984.56726 / ((log(X2) / X1) - -1.5749631)) + (-5846.309 / sqrt(X1))))) [likelihood params: Float32[]]"
64,418546,36695.438,3.4028235e38,15.63614,15.888832,0.98776484,0.9822261,36695.438,31908.078,35.928,Inf,24,"(((697406.6 / X1) - 677.941) / ((-5335.315 / log(X1)) - ((-984.56726 / ((log(X2) / X1) - -1.5749631)) + (-5846.309 / sqrt(X1))))) [likelihood params: Float32[]]"
65,425700,36695.438,3.4028235e38,15.63614,15.888832,0.98776484,0.9822261,36695.438,31908.078,36.118,Inf,24,"(((697406.6 / X1) - 677.941) / ((-5335.315 / log(X1)) - ((-984.56726 / ((log(X2) / X1) - -1.5749631)) + (-5846.309 / sqrt(X1))))) [likelihood params: Float32[]]"
66,432908,36695.438,3.4028235e38,15.63614,15.888832,0.98776484,0.9822261,36695.438,31908.078,36.506,Inf,24,"(((697406.6 / X1) - 677.941) / ((-5335.315 / log(X1)) - ((-984.56726 / ((log(X2) / X1) - -1.5749631)) + (-5846.309 / sqrt(X1))))) [likelihood params: Float32[]]"
67,440474,36695.438,3.4028235e38,15.63614,15.888832,0.98776484,0.9822261,36695.438,31908.078,36.792,Inf,24,"(((697406.6 / X1) - 677.941) / ((-5335.315 / log(X1)) - ((-984.56726 / ((log(X2) / X1) - -1.5749631)) + (-5846.309 / sqrt(X1))))) [likelihood params: Float32[]]"
68,448371,33273.28,3.4028235e38,14.006542,15.814872,0.98904,0.98230886,33273.28,31774.95,36.452,Inf,32,"((X1 - (((341.93454 + exp(((X2 / X1) - X1))) / ((log(X2) / X1) - 0.05423004)) / (X1 / X1))) / ((X1 - 321.6584) - (-40214.246 / (X1 - sqrt(abs(X2)))))) [likelihood params: Float32[]]"
69,455744,23314.742,23372.94,9.264381,6.5130234,0.9927507,0.9927143,23314.742,15031.621,37.42,Inf,21,"(((-1.9193836e7 / X1) - -26233.28) / ((-1981.1036 / log(X1)) - ((2262.3188 / (X2 - -0.05183565)) + (1721.1357 / sqrt(X1))))) [likelihood params: Float32[]]"
70,462636,18002.137,18086.133,6.7345695,5.128681,0.99473023,0.9942629,18002.137,12539.805,37.694,Inf,21,"(((-4383.7285 / X1) - -5.9991674) * ((-126.24383 / log(X1)) - ((-49.2811 / (X2 - -5.4109163)) + (-212.03871 / sqrt(X1))))) [likelihood params: Float32[]]"
71,470087,18002.137,18086.133,6.7345695,5.128681,0.99473023,0.9942629,18002.137,12539.805,37.206,Inf,21,"(((-4383.7285 / X1) - -5.9991674) * ((-126.24383 / log(X1)) - ((-49.2811 / (X2 - -5.4109163)) + (-212.03871 / sqrt(X1))))) [likelihood params: Float32[]]"
72,477312,18002.137,18086.133,6.7345695,5.128681,0.99473023,0.9942629,18002.137,12539.805,37.01,Inf,21,"(((-4383.7285 / X1) - -5.9991674) * ((-126.24383 / log(X1)) - ((-49.2811 / (X2 - -5.4109163)) + (-212.03871 / sqrt(X1))))) [likelihood params: Float32[]]"
73,484846,18002.137,18086.133,6.7345695,5.128681,0.99473023,0.9942629,18002.137,12539.805,37.008,Inf,21,"(((-4383.7285 / X1) - -5.9991674) * ((-126.24383 / log(X1)) - ((-49.2811 / (X2 - -5.4109163)) + (-212.03871 / sqrt(X1))))) [likelihood params: Float32[]]"
74,492166,18002.137,18086.133,6.7345695,5.128681,0.99473023,0.9942629,18002.137,12539.805,36.238,Inf,21,"(((-4383.7285 / X1) - -5.9991674) * ((-126.24383 / log(X1)) - ((-49.2811 / (X2 - -5.4109163)) + (-212.03871 / sqrt(X1))))) [likelihood params: Float32[]]"
75,499882,18002.137,18086.133,6.7345695,5.128681,0.99473023,0.9942629,18002.137,12539.805,35.41,Inf,21,"(((-4383.7285 / X1) - -5.9991674) * ((-126.24383 / log(X1)) - ((-49.2811 / (X2 - -5.4109163)) + (-212.03871 / sqrt(X1))))) [likelihood params: Float32[]]"
76,506932,17560.625,17639.75,6.524326,5.0674696,0.99489474,0.9943313,17560.625,12429.624,36.2,Inf,20,"(((-3788.7505 / X1) - -5.0095806) * ((-90.438385 / log(X1)) - ((-55.53291 / (X2 - -5.3663893)) + (-1399.1495 / X1)))) [likelihood params: Float32[]]"
77,513387,17560.625,17639.75,6.524326,5.0674696,0.99489474,0.9943313,17560.625,12429.624,37.118,Inf,20,"(((-3788.7505 / X1) - -5.0095806) * ((-90.438385 / log(X1)) - ((-55.53291 / (X2 - -5.3663893)) + (-1399.1495 / X1)))) [likelihood params: Float32[]]"
78,520343,17560.625,17639.75,6.524326,5.0674696,0.99489474,0.9943313,17560.625,12429.624,37.402,Inf,20,"(((-3788.7505 / X1) - -5.0095806) * ((-90.438385 / log(X1)) - ((-55.53291 / (X2 - -5.3663893)) + (-1399.1495 / X1)))) [likelihood params: Float32[]]"
79,527444,17560.625,17639.75,6.524326,5.0674696,0.99489474,0.9943313,17560.625,12429.624,37.15,Inf,20,"(((-3788.7505 / X1) - -5.0095806) * ((-90.438385 / log(X1)) - ((-55.53291 / (X2 - -5.3663893)) + (-1399.1495 / X1)))) [likelihood params: Float32[]]"
80,534997,17560.625,17639.75,6.524326,5.0674696,0.99489474,0.9943313,17560.625,12429.624,36.804,Inf,20,"(((-3788.7505 / X1) - -5.0095806) * ((-90.438385 / log(X1)) - ((-55.53291 / (X2 - -5.3663893)) + (-1399.1495 / X1)))) [likelihood params: Float32[]]"
81,541400,17560.625,17639.75,6.524326,5.0674696,0.99489474,0.9943313,17560.625,12429.624,36.47,Inf,20,"(((-3788.7505 / X1) - -5.0095806) * ((-90.438385 / log(X1)) - ((-55.53291 / (X2 - -5.3663893)) + (-1399.1495 / X1)))) [likelihood params: Float32[]]"
82,548473,17560.625,17639.75,6.524326,5.0674696,0.99489474,0.9943313,17560.625,12429.624,36.352,Inf,20,"(((-3788.7505 / X1) - -5.0095806) * ((-90.438385 / log(X1)) - ((-55.53291 / (X2 - -5.3663893)) + (-1399.1495 / X1)))) [likelihood params: Float32[]]"
83,555886,17560.625,17639.75,6.524326,5.0674696,0.99489474,0.9943313,17560.625,12429.624,36.578,Inf,20,"(((-3788.7505 / X1) - -5.0095806) * ((-90.438385 / log(X1)) - ((-55.53291 / (X2 - -5.3663893)) + (-1399.1495 / X1)))) [likelihood params: Float32[]]"
84,562656,17560.625,17639.75,6.524326,5.0674696,0.99489474,0.9943313,17560.625,12429.624,35.684,Inf,20,"(((-3788.7505 / X1) - -5.0095806) * ((-90.438385 / log(X1)) - ((-55.53291 / (X2 - -5.3663893)) + (-1399.1495 / X1)))) [likelihood params: Float32[]]"
85,570163,17560.625,17639.75,6.524326,5.0674696,0.99489474,0.9943313,17560.625,12429.624,36.522,Inf,20,"(((-3788.7505 / X1) - -5.0095806) * ((-90.438385 / log(X1)) - ((-55.53291 / (X2 - -5.3663893)) + (-1399.1495 / X1)))) [likelihood params: Float32[]]"
86,578150,17560.625,17639.75,6.524326,5.0674696,0.99489474,0.9943313,17560.625,12429.624,36.822,Inf,20,"(((-3788.7505 / X1) - -5.0095806) * ((-90.438385 / log(X1)) - ((-55.53291 / (X2 - -5.3663893)) + (-1399.1495 / X1)))) [likelihood params: Float32[]]"
87,586183,17560.625,17639.75,6.524326,5.0674696,0.99489474,0.9943313,17560.625,12429.624,36.056,Inf,20,"(((-3788.7505 / X1) - -5.0095806) * ((-90.438385 / log(X1)) - ((-55.53291 / (X2 - -5.3663893)) + (-1399.1495 / X1)))) [likelihood params: Float32[]]"
88,593828,17560.625,17639.75,6.524326,5.0674696,0.99489474,0.9943313,17560.625,12429.624,35.854,Inf,20,"(((-3788.7505 / X1) - -5.0095806) * ((-90.438385 / log(X1)) - ((-55.53291 / (X2 - -5.3663893)) + (-1399.1495 / X1)))) [likelihood params: Float32[]]"
89,601895,17560.625,17639.75,6.524326,5.0674696,0.99489474,0.9943313,17560.625,12429.624,36.248,Inf,20,"(((-3788.7505 / X1) - -5.0095806) * ((-90.438385 / log(X1)) - ((-55.53291 / (X2 - -5.3663893)) + (-1399.1495 / X1)))) [likelihood params: Float32[]]"
90,609873,17560.625,17639.75,6.524326,5.0674696,0.99489474,0.9943313,17560.625,12429.624,35.62,Inf,20,"(((-3788.7505 / X1) - -5.0095806) * ((-90.438385 / log(X1)) - ((-55.53291 / (X2 - -5.3663893)) + (-1399.1495 / X1)))) [likelihood params: Float32[]]"
91,616697,17560.625,17639.75,6.524326,5.0674696,0.99489474,0.9943313,17560.625,12429.624,35.758,Inf,20,"(((-3788.7505 / X1) - -5.0095806) * ((-90.438385 / log(X1)) - ((-55.53291 / (X2 - -5.3663893)) + (-1399.1495 / X1)))) [likelihood params: Float32[]]"
92,624174,17560.625,17639.75,6.524326,5.0674696,0.99489474,0.9943313,17560.625,12429.624,36.596,Inf,20,"(((-3788.7505 / X1) - -5.0095806) * ((-90.438385 / log(X1)) - ((-55.53291 / (X2 - -5.3663893)) + (-1399.1495 / X1)))) [likelihood params: Float32[]]"
93,631135,17560.625,17639.75,6.524326,5.0674696,0.99489474,0.9943313,17560.625,12429.624,36.448,Inf,20,"(((-3788.7505 / X1) - -5.0095806) * ((-90.438385 / log(X1)) - ((-55.53291 / (X2 - -5.3663893)) + (-1399.1495 / X1)))) [likelihood params: Float32[]]"
94,638488,17560.625,17639.75,6.524326,5.0674696,0.99489474,0.9943313,17560.625,12429.624,37.842,Inf,20,"(((-3788.7505 / X1) - -5.0095806) * ((-90.438385 / log(X1)) - ((-55.53291 / (X2 - -5.3663893)) + (-1399.1495 / X1)))) [likelihood params: Float32[]]"
95,646333,17560.625,17639.75,6.524326,5.0674696,0.99489474,0.9943313,17560.625,12429.624,36.46,Inf,20,"(((-3788.7505 / X1) - -5.0095806) * ((-90.438385 / log(X1)) - ((-55.53291 / (X2 - -5.3663893)) + (-1399.1495 / X1)))) [likelihood params: Float32[]]"
96,653412,17560.625,17639.75,6.524326,5.0674696,0.99489474,0.9943313,17560.625,12429.624,34.184,Inf,20,"(((-3788.7505 / X1) - -5.0095806) * ((-90.438385 / log(X1)) - ((-55.53291 / (X2 - -5.3663893)) + (-1399.1495 / X1)))) [likelihood params: Float32[]]"
97,660460,17560.625,17639.75,6.524326,5.0674696,0.99489474,0.9943313,17560.625,12429.624,34.26,Inf,20,"(((-3788.7505 / X1) - -5.0095806) * ((-90.438385 / log(X1)) - ((-55.53291 / (X2 - -5.3663893)) + (-1399.1495 / X1)))) [likelihood params: Float32[]]"
98,667656,17560.625,17639.75,6.524326,5.0674696,0.99489474,0.9943313,17560.625,12429.624,34.774,Inf,20,"(((-3788.7505 / X1) - -5.0095806) * ((-90.438385 / log(X1)) - ((-55.53291 / (X2 - -5.3663893)) + (-1399.1495 / X1)))) [likelihood params: Float32[]]"
99,674307,17560.625,17639.75,6.524326,5.0674696,0.99489474,0.9943313,17560.625,12429.624,35.156,Inf,20,"(((-3788.7505 / X1) - -5.0095806) * ((-90.438385 / log(X1)) - ((-55.53291 / (X2 - -5.3663893)) + (-1399.1495 / X1)))) [likelihood params: Float32[]]"
100,680755,17560.625,17639.75,6.524326,5.0674696,0.99489474,0.9943313,17560.625,12429.624,36.324,Inf,20,"(((-3788.7505 / X1) - -5.0095806) * ((-90.438385 / log(X1)) - ((-55.53291 / (X2 - -5.3663893)) + (-1399.1495 / X1)))) [likelihood params: Float32[]]"
101,686957,17560.625,17639.75,6.524326,5.0674696,0.99489474,0.9943313,17560.625,12429.624,36.616,Inf,20,"(((-3788.7505 / X1) - -5.0095806) * ((-90.438385 / log(X1)) - ((-55.53291 / (X2 - -5.3663893)) + (-1399.1495 / X1)))) [likelihood params: Float32[]]"
102,693628,17560.625,17639.75,6.524326,5.0674696,0.99489474,0.9943313,17560.625,12429.624,37.222,Inf,20,"(((-3788.7505 / X1) - -5.0095806) * ((-90.438385 / log(X1)) - ((-55.53291 / (X2 - -5.3663893)) + (-1399.1495 / X1)))) [likelihood params: Float32[]]"
103,700549,17560.625,17639.75,6.524326,5.0674696,0.99489474,0.9943313,17560.625,12429.624,37.99,Inf,20,"(((-3788.7505 / X1) - -5.0095806) * ((-90.438385 / log(X1)) - ((-55.53291 / (X2 - -5.3663893)) + (-1399.1495 / X1)))) [likelihood params: Float32[]]"
104,707423,17560.625,17639.75,6.524326,5.0674696,0.99489474,0.9943313,17560.625,12429.624,38.884,Inf,20,"(((-3788.7505 / X1) - -5.0095806) * ((-90.438385 / log(X1)) - ((-55.53291 / (X2 - -5.3663893)) + (-1399.1495 / X1)))) [likelihood params: Float32[]]"
105,714689,17560.625,17639.75,6.524326,5.0674696,0.99489474,0.9943313,17560.625,12429.624,38.184,Inf,20,"(((-3788.7505 / X1) - -5.0095806) * ((-90.438385 / log(X1)) - ((-55.53291 / (X2 - -5.3663893)) + (-1399.1495 / X1)))) [likelihood params: Float32[]]"
106,722755,17560.625,17639.75,6.524326,5.0674696,0.99489474,0.9943313,17560.625,12429.624,38.27,Inf,20,"(((-3788.7505 / X1) - -5.0095806) * ((-90.438385 / log(X1)) - ((-55.53291 / (X2 - -5.3663893)) + (-1399.1495 / X1)))) [likelihood params: Float32[]]"
107,730634,17560.625,17639.75,6.524326,5.0674696,0.99489474,0.9943313,17560.625,12429.624,37.85,Inf,20,"(((-3788.7505 / X1) - -5.0095806) * ((-90.438385 / log(X1)) - ((-55.53291 / (X2 - -5.3663893)) + (-1399.1495 / X1)))) [likelihood params: Float32[]]"
108,737743,17560.625,17639.75,6.524326,5.0674696,0.99489474,0.9943313,17560.625,12429.624,37.296,Inf,20,"(((-3788.7505 / X1) - -5.0095806) * ((-90.438385 / log(X1)) - ((-55.53291 / (X2 - -5.3663893)) + (-1399.1495 / X1)))) [likelihood params: Float32[]]"
109,745603,17560.625,17639.75,6.524326,5.0674696,0.99489474,0.9943313,17560.625,12429.624,36.808,Inf,20,"(((-3788.7505 / X1) - -5.0095806) * ((-90.438385 / log(X1)) - ((-55.53291 / (X2 - -5.3663893)) + (-1399.1495 / X1)))) [likelihood params: Float32[]]"
110,752684,17560.625,17639.75,6.524326,5.0674696,0.99489474,0.9943313,17560.625,12429.624,36.948,Inf,20,"(((-3788.7505 / X1) - -5.0095806) * ((-90.438385 / log(X1)) - ((-55.53291 / (X2 - -5.3663893)) + (-1399.1495 / X1)))) [likelihood params: Float32[]]"
111,759709,17560.625,17639.75,6.524326,5.0674696,0.99489474,0.9943313,17560.625,12429.624,37.21,Inf,20,"(((-3788.7505 / X1) - -5.0095806) * ((-90.438385 / log(X1)) - ((-55.53291 / (X2 - -5.3663893)) + (-1399.1495 / X1)))) [likelihood params: Float32[]]"
112,766824,17560.625,17639.75,6.524326,5.0674696,0.99489474,0.9943313,17560.625,12429.624,37.934,Inf,20,"(((-3788.7505 / X1) - -5.0095806) * ((-90.438385 / log(X1)) - ((-55.53291 / (X2 - -5.3663893)) + (-1399.1495 / X1)))) [likelihood params: Float32[]]"
113,773396,17498.025,3.4028235e38,6.494516,5.136986,0.9949181,0.9942536,17498.025,12554.753,37.414,Inf,32,"(((-3783.2678 / X1) - -5.0023217) * ((-90.57588 / log(X1)) - (((((348928.56 / ((log(abs(log(X2))) / X1) - 689.5576)) / X1) - 55.08407) / (X2 - -5.3641896)) + (-1400.5697 / X1)))) [likelihood params: Float32[]]"
114,780285,15634.377,15750.376,5.6070642,4.5871844,0.9956125,0.9948686,15634.377,11565.11,37.322,Inf,31,"(((-3745.6807 / X1) - -4.953888) * ((-90.01566 / log(X1)) - (((((420785.38 / ((log(abs(2278.4365)) / X1) - 50.65)) / X1) - 25.576523) / (X2 - -5.921467)) + (-1345.7738 / X1)))) [likelihood params: Float32[]]"
115,787281,15575.526,15693.803,5.57904,4.585581,0.99563444,0.99487036,15575.526,11562.225,37.274,Inf,31,"(((-3705.8616 / X1) - -4.8473716) * ((-89.05343 / log(X1)) - (((((458128.88 / ((log(abs(215.86469)) / X1) - 49.81891)) / X1) - 22.745955) / (X2 - -6.0255284)) + (-1291.439 / X1)))) [likelihood params: Float32[]]"
116,793718,15575.526,15693.803,5.57904,4.585581,0.99563444,0.99487036,15575.526,11562.225,37.124,Inf,31,"(((-3705.8616 / X1) - -4.8473716) * ((-89.05343 / log(X1)) - (((((458128.88 / ((log(abs(215.86469)) / X1) - 49.81891)) / X1) - 22.745955) / (X2 - -6.0255284)) + (-1291.439 / X1)))) [likelihood params: Float32[]]"
117,800825,15575.526,15693.803,5.57904,4.585581,0.99563444,0.99487036,15575.526,11562.225,37.814,Inf,31,"(((-3705.8616 / X1) - -4.8473716) * ((-89.05343 / log(X1)) - (((((458128.88 / ((log(abs(215.86469)) / X1) - 49.81891)) / X1) - 22.745955) / (X2 - -6.0255284)) + (-1291.439 / X1)))) [likelihood params: Float32[]]"
118,807394,15575.526,15693.803,5.57904,4.585581,0.99563444,0.99487036,15575.526,11562.225,37.552,Inf,31,"(((-3705.8616 / X1) - -4.8473716) * ((-89.05343 / log(X1)) - (((((458128.88 / ((log(abs(215.86469)) / X1) - 49.81891)) / X1) - 22.745955) / (X2 - -6.0255284)) + (-1291.439 / X1)))) [likelihood params: Float32[]]"
119,813356,15575.449,15682.342,5.5790033,4.5851464,0.9956345,0.99487084,15575.449,11561.442,38.06,Inf,31,"(((-3413.0247 / X1) - -4.4643455) * ((-96.69489 / log(X1)) - (((((-9986.262 - ((log(abs(14536.898)) / X1) - X2)) / X1) - 24.684347) / (X2 - -6.024765)) + (-1403.2762 / X1)))) [likelihood params: Float32[]]"
120,820978,15575.449,15682.342,5.5790033,4.5851464,0.9956345,0.99487084,15575.449,11561.442,38.478,Inf,31,"(((-3413.0247 / X1) - -4.4643455) * ((-96.69489 / log(X1)) - (((((-9986.262 - ((log(abs(14536.898)) / X1) - X2)) / X1) - 24.684347) / (X2 - -6.024765)) + (-1403.2762 / X1)))) [likelihood params: Float32[]]"
121,828731,15575.449,15682.342,5.5790033,4.5851464,0.9956345,0.99487084,15575.449,11561.442,38.516,Inf,31,"(((-3413.0247 / X1) - -4.4643455) * ((-96.69489 / log(X1)) - (((((-9986.262 - ((log(abs(14536.898)) / X1) - X2)) / X1) - 24.684347) / (X2 - -6.024765)) + (-1403.2762 / X1)))) [likelihood params: Float32[]]"
122,836060,15575.449,15682.342,5.5790033,4.5851464,0.9956345,0.99487084,15575.449,11561.442,38.1,Inf,31,"(((-3413.0247 / X1) - -4.4643455) * ((-96.69489 / log(X1)) - (((((-9986.262 - ((log(abs(14536.898)) / X1) - X2)) / X1) - 24.684347) / (X2 - -6.024765)) + (-1403.2762 / X1)))) [likelihood params: Float32[]]"
123,842955,15575.449,15682.342,5.5790033,4.5851464,0.9956345,0.99487084,15575.449,11561.442,38.196,Inf,31,"(((-3413.0247 / X1) - -4.4643455) * ((-96.69489 / log(X1)) - (((((-9986.262 - ((log(abs(14536.898)) / X1) - X2)) / X1) - 24.684347) / (X2 - -6.024765)) + (-1403.2762 / X1)))) [likelihood params: Float32[]]"
124,850262,15575.449,15682.342,5.5790033,4.5851464,0.9956345,0.99487084,15575.449,11561.442,38.364,Inf,31,"(((-3413.0247 / X1) - -4.4643455) * ((-96.69489 / log(X1)) - (((((-9986.262 - ((log(abs(14536.898)) / X1) - X2)) / X1) - 24.684347) / (X2 - -6.024765)) + (-1403.2762 / X1)))) [likelihood params: Float32[]]"
125,857829,15575.449,15682.342,5.5790033,4.5851464,0.9956345,0.99487084,15575.449,11561.442,38.152,Inf,31,"(((-3413.0247 / X1) - -4.4643455) * ((-96.69489 / log(X1)) - (((((-9986.262 - ((log(abs(14536.898)) / X1) - X2)) / X1) - 24.684347) / (X2 - -6.024765)) + (-1403.2762 / X1)))) [likelihood params: Float32[]]"
126,864757,15521.135,15636.429,5.553139,4.560614,0.9956547,0.9948983,15521.135,11517.284,38.45,Inf,32,"(((-3393.562 / X1) - -4.4609447) * ((-98.025215 / log(X1)) - (((((25067.87 - ((-1.9380046e6 / X1) - (-2450.8542 / 0.04899695))) / X1) - -1.7501725) / (X2 - -6.03804)) + (-1436.2784 / X1)))) [likelihood params: Float32[]]"
127,871816,15521.135,15636.429,5.553139,4.560614,0.9956547,0.9948983,15521.135,11517.284,39.274,Inf,32,"(((-3393.562 / X1) - -4.4609447) * ((-98.025215 / log(X1)) - (((((25067.87 - ((-1.9380046e6 / X1) - (-2450.8542 / 0.04899695))) / X1) - -1.7501725) / (X2 - -6.03804)) + (-1436.2784 / X1)))) [likelihood params: Float32[]]"
128,878793,15521.127,15642.108,5.553136,4.560512,0.9956547,0.99489844,15521.127,11517.101,39.332,Inf,32,"(((-3382.3503 / X1) - -4.446204) * ((-98.35022 / log(X1)) - (((((X2 - ((-1.9441012e6 / X1) - (-1700.5095 / 0.06795025))) / X1) - -1.7490889) / (X2 - -6.037752)) + (-1442.046 / X1)))) [likelihood params: Float32[]]"
129,886696,15521.127,15642.108,5.553136,4.560512,0.9956547,0.99489844,15521.127,11517.101,38.434,Inf,32,"(((-3382.3503 / X1) - -4.446204) * ((-98.35022 / log(X1)) - (((((X2 - ((-1.9441012e6 / X1) - (-1700.5095 / 0.06795025))) / X1) - -1.7490889) / (X2 - -6.037752)) + (-1442.046 / X1)))) [likelihood params: Float32[]]"
130,894402,15521.127,15642.108,5.553136,4.560512,0.9956547,0.99489844,15521.127,11517.101,38.31,Inf,32,"(((-3382.3503 / X1) - -4.446204) * ((-98.35022 / log(X1)) - (((((X2 - ((-1.9441012e6 / X1) - (-1700.5095 / 0.06795025))) / X1) - -1.7490889) / (X2 - -6.037752)) + (-1442.046 / X1)))) [likelihood params: Float32[]]"
131,901691,15521.127,15642.108,5.553136,4.560512,0.9956547,0.99489844,15521.127,11517.101,38.258,Inf,32,"(((-3382.3503 / X1) - -4.446204) * ((-98.35022 / log(X1)) - (((((X2 - ((-1.9441012e6 / X1) - (-1700.5095 / 0.06795025))) / X1) - -1.7490889) / (X2 - -6.037752)) + (-1442.046 / X1)))) [likelihood params: Float32[]]"
132,909484,15521.127,15642.108,5.553136,4.560512,0.9956547,0.99489844,15521.127,11517.101,38.69,Inf,32,"(((-3382.3503 / X1) - -4.446204) * ((-98.35022 / log(X1)) - (((((X2 - ((-1.9441012e6 / X1) - (-1700.5095 / 0.06795025))) / X1) - -1.7490889) / (X2 - -6.037752)) + (-1442.046 / X1)))) [likelihood params: Float32[]]"
133,917198,15521.127,15642.108,5.553136,4.560512,0.9956547,0.99489844,15521.127,11517.101,38.658,Inf,32,"(((-3382.3503 / X1) - -4.446204) * ((-98.35022 / log(X1)) - (((((X2 - ((-1.9441012e6 / X1) - (-1700.5095 / 0.06795025))) / X1) - -1.7490889) / (X2 - -6.037752)) + (-1442.046 / X1)))) [likelihood params: Float32[]]"
134,924017,15521.127,15642.108,5.553136,4.560512,0.9956547,0.99489844,15521.127,11517.101,38.846,Inf,32,"(((-3382.3503 / X1) - -4.446204) * ((-98.35022 / log(X1)) - (((((X2 - ((-1.9441012e6 / X1) - (-1700.5095 / 0.06795025))) / X1) - -1.7490889) / (X2 - -6.037752)) + (-1442.046 / X1)))) [likelihood params: Float32[]]"
135,930916,15521.127,15642.108,5.553136,4.560512,0.9956547,0.99489844,15521.127,11517.101,37.588,Inf,32,"(((-3382.3503 / X1) - -4.446204) * ((-98.35022 / log(X1)) - (((((X2 - ((-1.9441012e6 / X1) - (-1700.5095 / 0.06795025))) / X1) - -1.7490889) / (X2 - -6.037752)) + (-1442.046 / X1)))) [likelihood params: Float32[]]"
136,938209,15521.127,15642.108,5.553136,4.560512,0.9956547,0.99489844,15521.127,11517.101,36.558,Inf,32,"(((-3382.3503 / X1) - -4.446204) * ((-98.35022 / log(X1)) - (((((X2 - ((-1.9441012e6 / X1) - (-1700.5095 / 0.06795025))) / X1) - -1.7490889) / (X2 - -6.037752)) + (-1442.046 / X1)))) [likelihood params: Float32[]]"
137,945795,15521.127,15642.108,5.553136,4.560512,0.9956547,0.99489844,15521.127,11517.101,35.584,Inf,32,"(((-3382.3503 / X1) - -4.446204) * ((-98.35022 / log(X1)) - (((((X2 - ((-1.9441012e6 / X1) - (-1700.5095 / 0.06795025))) / X1) - -1.7490889) / (X2 - -6.037752)) + (-1442.046 / X1)))) [likelihood params: Float32[]]"
138,953919,14886.78,15008.343,5.2510657,5.567466,0.9958911,0.99377203,14886.78,13329.617,36.14,Inf,36,"(((-2354.3086 / X1) - -18.787905) * ((((4.644685e6 / X1) / X1) / log(X1)) - (((((X2 - ((-5.601993e6 / X1) - (1.631861e6 / -111293.44))) / X1) - 19.91556) / (X2 - -5.891097)) + (382.06146 / X1)))) [likelihood params: Float32[]]"
139,961591,14875.251,14998.04,5.245576,5.557039,0.9958954,0.99378365,14875.251,13310.849,36.9,Inf,36,"(((-2354.9602 / X1) - -18.793364) * ((((4.642971e6 / X1) / X1) / log(X1)) - (((((X2 - ((-5.611843e6 / X1) - (1.6360744e6 / -7859.952))) / X1) - 19.56652) / (X2 - -5.8679805)) + (381.9409 / X1)))) [likelihood params: Float32[]]"
140,970192,14819.723,14944.221,5.219134,5.4625845,0.99591607,0.99388933,14819.723,13140.831,38.378,Inf,36,"(((-2355.1245 / X1) - -18.794132) * ((((4.637886e6 / X1) / X1) / log(X1)) - (((((X2 - ((-5.622562e6 / X1) - (1.636692e6 / -1193.1101))) / X1) - 16.983053) / (X2 - -5.6663084)) + (380.40848 / X1)))) [likelihood params: Float32[]]"
141,978022,14675.498,14802.725,5.1504555,5.2916636,0.99596983,0.99408054,14675.498,12833.173,38.582,Inf,36,"(((-2360.7927 / X1) - -18.90393) * ((((4.569233e6 / X1) / X1) / log(X1)) - (((((X2 - ((-5.874002e6 / X1) - (1.6445719e6 / -356.4943))) / X1) - 10.817899) / (X2 - -5.4581847)) + (362.84613 / X1)))) [likelihood params: Float32[]]"
142,985721,14499.269,14628.332,5.0665364,5.2417774,0.99603546,0.99413633,14499.269,12743.378,38.31,Inf,36,"(((-2388.1475 / X1) - -19.148062) * ((((4.5004965e6 / X1) / X1) / log(X1)) - (((((X2 - ((-6.3112175e6 / X1) - (1.6625022e6 / -213.14699))) / X1) - 5.8433623) / (X2 - -5.4985585)) + (354.71667 / X1)))) [likelihood params: Float32[]]"
143,993492,14015.585,14135.283,4.8362107,3.5692143,0.9962157,0.9960073,14015.585,9732.765,39.108,Inf,41,"(((-1.0028935e6 / -796.70795) / X1) - (log(abs(log(-796.075))) + (((3294.7483 - X2) ^ (35185.18 / 0.12227754)) / ((((-22604.84 + (X2 * -31300.352)) / ((((-3.8588338e6 / 11.626246) / X1) / X1) - X2)) / X1) - (X1 / (716389.8 / 47913.203)))))) [likelihood params: Float32[]]"
144,1001230,13913.398,14046.278,4.787551,5.222054,0.9962538,0.9941584,13913.398,12707.876,38.27,Inf,36,"(((-2645.4287 / X1) - -21.35154) * ((((4.001498e6 / X1) / X1) / log(X1)) - (((((X2 - ((-9.154639e6 / X1) - (1.9254422e6 / -69.04124))) / X1) - -24.851553) / (X2 - -6.1181974)) + (307.51697 / X1)))) [likelihood params: Float32[]]"
145,1008712,13913.398,14046.278,4.787551,5.222054,0.9962538,0.9941584,13913.398,12707.876,38.608,Inf,36,"(((-2645.4287 / X1) - -21.35154) * ((((4.001498e6 / X1) / X1) / log(X1)) - (((((X2 - ((-9.154639e6 / X1) - (1.9254422e6 / -69.04124))) / X1) - -24.851553) / (X2 - -6.1181974)) + (307.51697 / X1)))) [likelihood params: Float32[]]"
146,1015979,13913.398,14046.278,4.787551,5.222054,0.9962538,0.9941584,13913.398,12707.876,38.382,Inf,36,"(((-2645.4287 / X1) - -21.35154) * ((((4.001498e6 / X1) / X1) / log(X1)) - (((((X2 - ((-9.154639e6 / X1) - (1.9254422e6 / -69.04124))) / X1) - -24.851553) / (X2 - -6.1181974)) + (307.51697 / X1)))) [likelihood params: Float32[]]"
147,1023746,13913.398,14046.278,4.787551,5.222054,0.9962538,0.9941584,13913.398,12707.876,38.528,Inf,36,"(((-2645.4287 / X1) - -21.35154) * ((((4.001498e6 / X1) / X1) / log(X1)) - (((((X2 - ((-9.154639e6 / X1) - (1.9254422e6 / -69.04124))) / X1) - -24.851553) / (X2 - -6.1181974)) + (307.51697 / X1)))) [likelihood params: Float32[]]"
148,1031214,13913.398,14046.278,4.787551,5.222054,0.9962538,0.9941584,13913.398,12707.876,39.008,Inf,36,"(((-2645.4287 / X1) - -21.35154) * ((((4.001498e6 / X1) / X1) / log(X1)) - (((((X2 - ((-9.154639e6 / X1) - (1.9254422e6 / -69.04124))) / X1) - -24.851553) / (X2 - -6.1181974)) + (307.51697 / X1)))) [likelihood params: Float32[]]"
149,1038085,13913.398,14046.278,4.787551,5.222054,0.9962538,0.9941584,13913.398,12707.876,38.118,Inf,36,"(((-2645.4287 / X1) - -21.35154) * ((((4.001498e6 / X1) / X1) / log(X1)) - (((((X2 - ((-9.154639e6 / X1) - (1.9254422e6 / -69.04124))) / X1) - -24.851553) / (X2 - -6.1181974)) + (307.51697 / X1)))) [likelihood params: Float32[]]"
150,1045188,13913.398,14046.278,4.787551,5.222054,0.9962538,0.9941584,13913.398,12707.876,38.252,Inf,36,"(((-2645.4287 / X1) - -21.35154) * ((((4.001498e6 / X1) / X1) / log(X1)) - (((((X2 - ((-9.154639e6 / X1) - (1.9254422e6 / -69.04124))) / X1) - -24.851553) / (X2 - -6.1181974)) + (307.51697 / X1)))) [likelihood params: Float32[]]"
151,1052777,13913.398,14046.278,4.787551,5.222054,0.9962538,0.9941584,13913.398,12707.876,39.136,Inf,36,"(((-2645.4287 / X1) - -21.35154) * ((((4.001498e6 / X1) / X1) / log(X1)) - (((((X2 - ((-9.154639e6 / X1) - (1.9254422e6 / -69.04124))) / X1) - -24.851553) / (X2 - -6.1181974)) + (307.51697 / X1)))) [likelihood params: Float32[]]"
152,1060100,13913.398,14046.278,4.787551,5.222054,0.9962538,0.9941584,13913.398,12707.876,39.228,Inf,36,"(((-2645.4287 / X1) - -21.35154) * ((((4.001498e6 / X1) / X1) / log(X1)) - (((((X2 - ((-9.154639e6 / X1) - (1.9254422e6 / -69.04124))) / X1) - -24.851553) / (X2 - -6.1181974)) + (307.51697 / X1)))) [likelihood params: Float32[]]"
153,1068477,13913.398,14046.278,4.787551,5.222054,0.9962538,0.9941584,13913.398,12707.876,38.688,Inf,36,"(((-2645.4287 / X1) - -21.35154) * ((((4.001498e6 / X1) / X1) / log(X1)) - (((((X2 - ((-9.154639e6 / X1) - (1.9254422e6 / -69.04124))) / X1) - -24.851553) / (X2 - -6.1181974)) + (307.51697 / X1)))) [likelihood params: Float32[]]"
154,1076425,13913.393,14046.516,4.787548,5.2224627,0.9962538,0.9941579,13913.393,12708.611,38.162,Inf,36,"(((-2645.6768 / X1) - -21.353655) * ((((4.0011358e6 / X1) / X1) / log(X1)) - (((((X1 - ((-9.157096e6 / X1) - (1.9258025e6 / -69.00638))) / X1) - -23.86315) / (X2 - -6.118751)) + (308.52008 / X1)))) [likelihood params: Float32[]]"
155,1084770,10593.606,10730.466,3.2066975,3.687478,0.99749076,0.99587506,10593.606,9945.639,38.2,Inf,40,"(((-3265.1123 / X1) - -26.63078) * ((((3.1816732e6 / X1) / X1) / log(X1)) - (((((X2 - ((-1.2760006e7 / X1) - (2.6555245e6 / -49.96176))) / X1) - -58.16245) / (X2 - ((-366627.1 / X1) / X1))) + (247.7215 / X1)))) [likelihood params: Float32[]]"
156,1093576,10593.606,10730.466,3.2066975,3.687478,0.99749076,0.99587506,10593.606,9945.639,38.254,Inf,40,"(((-3265.1123 / X1) - -26.63078) * ((((3.1816732e6 / X1) / X1) / log(X1)) - (((((X2 - ((-1.2760006e7 / X1) - (2.6555245e6 / -49.96176))) / X1) - -58.16245) / (X2 - ((-366627.1 / X1) / X1))) + (247.7215 / X1)))) [likelihood params: Float32[]]"
157,1102565,10593.606,10730.466,3.2066975,3.687478,0.99749076,0.99587506,10593.606,9945.639,37.904,Inf,40,"(((-3265.1123 / X1) - -26.63078) * ((((3.1816732e6 / X1) / X1) / log(X1)) - (((((X2 - ((-1.2760006e7 / X1) - (2.6555245e6 / -49.96176))) / X1) - -58.16245) / (X2 - ((-366627.1 / X1) / X1))) + (247.7215 / X1)))) [likelihood params: Float32[]]"
158,1111701,10593.606,10730.466,3.2066975,3.687478,0.99749076,0.99587506,10593.606,9945.639,37.454,Inf,40,"(((-3265.1123 / X1) - -26.63078) * ((((3.1816732e6 / X1) / X1) / log(X1)) - (((((X2 - ((-1.2760006e7 / X1) - (2.6555245e6 / -49.96176))) / X1) - -58.16245) / (X2 - ((-366627.1 / X1) / X1))) + (247.7215 / X1)))) [likelihood params: Float32[]]"
159,1119426,10593.606,10730.466,3.2066975,3.687478,0.99749076,0.99587506,10593.606,9945.639,37.43,Inf,40,"(((-3265.1123 / X1) - -26.63078) * ((((3.1816732e6 / X1) / X1) / log(X1)) - (((((X2 - ((-1.2760006e7 / X1) - (2.6555245e6 / -49.96176))) / X1) - -58.16245) / (X2 - ((-366627.1 / X1) / X1))) + (247.7215 / X1)))) [likelihood params: Float32[]]"
160,1127324,10593.606,10730.466,3.2066975,3.687478,0.99749076,0.99587506,10593.606,9945.639,37.416,Inf,40,"(((-3265.1123 / X1) - -26.63078) * ((((3.1816732e6 / X1) / X1) / log(X1)) - (((((X2 - ((-1.2760006e7 / X1) - (2.6555245e6 / -49.96176))) / X1) - -58.16245) / (X2 - ((-366627.1 / X1) / X1))) + (247.7215 / X1)))) [likelihood params: Float32[]]"
161,1135554,10593.419,10731.617,3.2066083,3.687559,0.9974909,0.99587494,10593.419,9945.785,37.282,Inf,40,"(((-3265.0298 / X1) - -26.630453) * ((((3.181655e6 / X1) / X1) / log(X1)) - (((((-1.577671 - ((-1.2759552e7 / X1) - (2.6556038e6 / -49.960186))) / X1) - -58.17183) / (X2 - ((-366699.44 / X1) / X1))) + (248.70482 / X1)))) [likelihood params: Float32[]]"
162,1144062,10513.523,10674.187,3.1685627,3.6686246,0.9975206,0.9958961,10513.523,9911.703,37.4,Inf,44,"(((-783.86884 / X1) - -6.3965273) * ((((1.3236717e7 / X1) / X1) / log(X1)) - (((((3.179158e6 - ((-4.7115576e7 / X1) - (1.8959808e6 / (-1090.7539 / (X2 - -1945.9265))))) / X1) - -225.00546) / (X2 - ((-368218.16 / X1) / X1))) + (2770.6982 / X1)))) [likelihood params: Float32[]]"
163,1152456,10382.64,10529.538,3.1062372,3.1881595,0.9975694,0.9964336,10382.64,9046.865,36.814,Inf,44,"(((-4515.934 / X1) - -39.433212) * (((((1.2618566e6 / X1) - -14109.743) / X1) / log(X1)) - ((((((X1 / -16450.506) - ((-7.5680535e6 / X1) - (2.0130499e6 / -65.34451))) / X1) - -33.0778) / (X2 - ((-365810.25 / X1) / X1))) + (2170.88 / X1)))) [likelihood params: Float32[]]"
164,1161199,9486.992,9640.493,2.6797385,2.281424,0.9979031,0.9974479,9486.992,7414.742,36.88,Inf,50,"(((-5992.558 / X1) - -62.008232) * (((((-149858.06 / X1) - -25332.838) / X1) / log(X1)) - ((((((X1 / -45047.645) - ((-2.3343382e6 / X1) - (1.0538366e6 / (X2 - ((-2.4384266e7 / X1) / X1))))) / X1) - 29.493738) / (X2 - ((-404071.22 / X1) / X1))) + (3755.528 / X1)))) [likelihood params: Float32[]]"
165,1170419,9335.119,9495.828,2.6074176,2.9934442,0.99795973,0.9966514,9335.119,8696.379,36.65,Inf,50,"(((19426.549 / X1) - 13.934563) * (((((-343105.2 / X1) - -21477.275) / X1) / log(43.173992)) - ((((((X1 / -44774.9) - ((-793794.5 / X1) - (27282.307 / (X2 - ((-2.8861405e6 / X1) / X1))))) / X1) - 4.6141567) / (X2 - ((-435786.03 / X1) / X1))) + (4905.095 / X1)))) [likelihood params: Float32[]]"
166,1179382,9283.486,9440.555,2.5828307,3.0159838,0.9979789,0.9966262,9283.486,8736.949,36.998,Inf,50,"(((19443.318 / X1) - 14.008876) * (((((-343326.2 / X1) - -21477.32) / X1) / log(43.162724)) - ((((((X1 / -44654.664) - ((-824622.7 / X1) - (13942.936 / (X2 - ((-1.4652346e6 / X1) / X1))))) / X1) - 4.373163) / (X2 - ((-472931.3 / X1) / X1))) + (4904.605 / X1)))) [likelihood params: Float32[]]"
167,1187732,9283.486,9440.555,2.5828307,3.0159838,0.9979789,0.9966262,9283.486,8736.949,35.806,Inf,50,"(((19443.318 / X1) - 14.008876) * (((((-343326.2 / X1) - -21477.32) / X1) / log(43.162724)) - ((((((X1 / -44654.664) - ((-824622.7 / X1) - (13942.936 / (X2 - ((-1.4652346e6 / X1) / X1))))) / X1) - 4.373163) / (X2 - ((-472931.3 / X1) / X1))) + (4904.605 / X1)))) [likelihood params: Float32[]]"
168,1195558,9283.486,9440.555,2.5828307,3.0159838,0.9979789,0.9966262,9283.486,8736.949,36.24,Inf,50,"(((19443.318 / X1) - 14.008876) * (((((-343326.2 / X1) - -21477.32) / X1) / log(43.162724)) - ((((((X1 / -44654.664) - ((-824622.7 / X1) - (13942.936 / (X2 - ((-1.4652346e6 / X1) / X1))))) / X1) - 4.373163) / (X2 - ((-472931.3 / X1) / X1))) + (4904.605 / X1)))) [likelihood params: Float32[]]"
169,1203229,9283.486,9440.555,2.5828307,3.0159838,0.9979789,0.9966262,9283.486,8736.949,36.442,Inf,50,"(((19443.318 / X1) - 14.008876) * (((((-343326.2 / X1) - -21477.32) / X1) / log(43.162724)) - ((((((X1 / -44654.664) - ((-824622.7 / X1) - (13942.936 / (X2 - ((-1.4652346e6 / X1) / X1))))) / X1) - 4.373163) / (X2 - ((-472931.3 / X1) / X1))) + (4904.605 / X1)))) [likelihood params: Float32[]]"
170,1211696,9283.486,9440.555,2.5828307,3.0159838,0.9979789,0.9966262,9283.486,8736.949,36.836,Inf,50,"(((19443.318 / X1) - 14.008876) * (((((-343326.2 / X1) - -21477.32) / X1) / log(43.162724)) - ((((((X1 / -44654.664) - ((-824622.7 / X1) - (13942.936 / (X2 - ((-1.4652346e6 / X1) / X1))))) / X1) - 4.373163) / (X2 - ((-472931.3 / X1) / X1))) + (4904.605 / X1)))) [likelihood params: Float32[]]"
171,1220227,9283.486,9440.555,2.5828307,3.0159838,0.9979789,0.9966262,9283.486,8736.949,36.446,Inf,50,"(((19443.318 / X1) - 14.008876) * (((((-343326.2 / X1) - -21477.32) / X1) / log(43.162724)) - ((((((X1 / -44654.664) - ((-824622.7 / X1) - (13942.936 / (X2 - ((-1.4652346e6 / X1) / X1))))) / X1) - 4.373163) / (X2 - ((-472931.3 / X1) / X1))) + (4904.605 / X1)))) [likelihood params: Float32[]]"
172,1228541,8868.411,9020.291,2.3851757,2.5071313,0.9981336,0.9971954,8868.411,7821.015,36.982,Inf,49,"(((1898.2904 / X1) - -2.2417033) * (((((-1.8446216e6 / X1) - -18511.428) / X1) / log(14.240303)) - ((((((X1 / -44608.926) - ((-6.0573275e6 / X1) - (198821.27 / (X2 - ((-3.1832052e6 / X1) / X1))))) / X1) - 42.00894) / (X2 - ((-448470.03 / X1) / X1))) + log(X1)))) [likelihood params: Float32[]]"
173,1236394,8868.411,9020.291,2.3851757,2.5071313,0.9981336,0.9971954,8868.411,7821.015,37.25,Inf,49,"(((1898.2904 / X1) - -2.2417033) * (((((-1.8446216e6 / X1) - -18511.428) / X1) / log(14.240303)) - ((((((X1 / -44608.926) - ((-6.0573275e6 / X1) - (198821.27 / (X2 - ((-3.1832052e6 / X1) / X1))))) / X1) - 42.00894) / (X2 - ((-448470.03 / X1) / X1))) + log(X1)))) [likelihood params: Float32[]]"
174,1244672,8868.411,9020.291,2.3851757,2.5071313,0.9981336,0.9971954,8868.411,7821.015,37.18,Inf,49,"(((1898.2904 / X1) - -2.2417033) * (((((-1.8446216e6 / X1) - -18511.428) / X1) / log(14.240303)) - ((((((X1 / -44608.926) - ((-6.0573275e6 / X1) - (198821.27 / (X2 - ((-3.1832052e6 / X1) / X1))))) / X1) - 42.00894) / (X2 - ((-448470.03 / X1) / X1))) + log(X1)))) [likelihood params: Float32[]]"
175,1253228,8868.411,9020.291,2.3851757,2.5071313,0.9981336,0.9971954,8868.411,7821.015,35.5,Inf,49,"(((1898.2904 / X1) - -2.2417033) * (((((-1.8446216e6 / X1) - -18511.428) / X1) / log(14.240303)) - ((((((X1 / -44608.926) - ((-6.0573275e6 / X1) - (198821.27 / (X2 - ((-3.1832052e6 / X1) / X1))))) / X1) - 42.00894) / (X2 - ((-448470.03 / X1) / X1))) + log(X1)))) [likelihood params: Float32[]]"
176,1261064,8868.411,9020.291,2.3851757,2.5071313,0.9981336,0.9971954,8868.411,7821.015,36.61,Inf,49,"(((1898.2904 / X1) - -2.2417033) * (((((-1.8446216e6 / X1) - -18511.428) / X1) / log(14.240303)) - ((((((X1 / -44608.926) - ((-6.0573275e6 / X1) - (198821.27 / (X2 - ((-3.1832052e6 / X1) / X1))))) / X1) - 42.00894) / (X2 - ((-448470.03 / X1) / X1))) + log(X1)))) [likelihood params: Float32[]]"
177,1268741,8868.411,9020.291,2.3851757,2.5071313,0.9981336,0.9971954,8868.411,7821.015,37.428,Inf,49,"(((1898.2904 / X1) - -2.2417033) * (((((-1.8446216e6 / X1) - -18511.428) / X1) / log(14.240303)) - ((((((X1 / -44608.926) - ((-6.0573275e6 / X1) - (198821.27 / (X2 - ((-3.1832052e6 / X1) / X1))))) / X1) - 42.00894) / (X2 - ((-448470.03 / X1) / X1))) + log(X1)))) [likelihood params: Float32[]]"
178,1277862,8868.411,9020.291,2.3851757,2.5071313,0.9981336,0.9971954,8868.411,7821.015,37.94,Inf,49,"(((1898.2904 / X1) - -2.2417033) * (((((-1.8446216e6 / X1) - -18511.428) / X1) / log(14.240303)) - ((((((X1 / -44608.926) - ((-6.0573275e6 / X1) - (198821.27 / (X2 - ((-3.1832052e6 / X1) / X1))))) / X1) - 42.00894) / (X2 - ((-448470.03 / X1) / X1))) + log(X1)))) [likelihood params: Float32[]]"
179,1287726,8554.997,8701.94,2.235931,2.6735795,0.9982504,0.9970092,8554.997,8120.6216,38.012,Inf,47,"(((1860.7822 / X1) - -0.6039147) * (((((-2.0004672e6 / X1) - -19030.025) / X1) / log(9.783371)) - ((((((X1 / -45168.938) - ((-8.3153925e6 / X1) - (105342.81 / (X2 - (-2153.0562 / X1))))) / X1) - 54.187683) / (X2 - ((-666988.44 / X1) / X1))) + log(X1)))) [likelihood params: Float32[]]"
180,1297004,8554.969,8702.226,2.2359178,2.6729603,0.9982504,0.99700993,8554.969,8119.5073,37.564,Inf,47,"(((1860.779 / X1) - -0.603906) * (((((-2.0004705e6 / X1) - -19030.014) / X1) / log(9.783393)) - ((((((X1 / -45168.938) - ((-8.315393e6 / X1) - (105344.59 / (X2 - (-2152.9707 / X1))))) / X1) - 54.1872) / (X2 - ((-666997.8 / X1) / X1))) + log(X1)))) [likelihood params: Float32[]]"
181,1306661,8554.969,8702.226,2.2359178,2.6729603,0.9982504,0.99700993,8554.969,8119.5073,36.946,Inf,47,"(((1860.779 / X1) - -0.603906) * (((((-2.0004705e6 / X1) - -19030.014) / X1) / log(9.783393)) - ((((((X1 / -45168.938) - ((-8.315393e6 / X1) - (105344.59 / (X2 - (-2152.9707 / X1))))) / X1) - 54.1872) / (X2 - ((-666997.8 / X1) / X1))) + log(X1)))) [likelihood params: Float32[]]"
182,1316214,8554.969,8702.226,2.2359178,2.6729603,0.9982504,0.99700993,8554.969,8119.5073,37.07,Inf,47,"(((1860.779 / X1) - -0.603906) * (((((-2.0004705e6 / X1) - -19030.014) / X1) / log(9.783393)) - ((((((X1 / -45168.938) - ((-8.315393e6 / X1) - (105344.59 / (X2 - (-2152.9707 / X1))))) / X1) - 54.1872) / (X2 - ((-666997.8 / X1) / X1))) + log(X1)))) [likelihood params: Float32[]]"
183,1324928,8554.965,8701.952,2.2359157,2.6727428,0.9982504,0.9970102,8554.965,8119.1157,37.44,Inf,47,"(((1860.779 / X1) - -0.603906) * (((((-2.0004705e6 / X1) - -19030.014) / X1) / log(9.783393)) - ((((((X1 / X1) - ((-8.315393e6 / X1) - (105344.59 / (X2 - (-2152.9707 / X1))))) / X1) - 54.1872) / (X2 - ((-666997.8 / X1) / X1))) + log(X1)))) [likelihood params: Float32[]]"
184,1333543,8554.965,8701.952,2.2359157,2.6727428,0.9982504,0.9970102,8554.965,8119.1157,37.784,Inf,47,"(((1860.779 / X1) - -0.603906) * (((((-2.0004705e6 / X1) - -19030.014) / X1) / log(9.783393)) - ((((((X1 / X1) - ((-8.315393e6 / X1) - (105344.59 / (X2 - (-2152.9707 / X1))))) / X1) - 54.1872) / (X2 - ((-666997.8 / X1) / X1))) + log(X1)))) [likelihood params: Float32[]]"
185,1341318,8554.965,8701.952,2.2359157,2.6727428,0.9982504,0.9970102,8554.965,8119.1157,38.268,Inf,47,"(((1860.779 / X1) - -0.603906) * (((((-2.0004705e6 / X1) - -19030.014) / X1) / log(9.783393)) - ((((((X1 / X1) - ((-8.315393e6 / X1) - (105344.59 / (X2 - (-2152.9707 / X1))))) / X1) - 54.1872) / (X2 - ((-666997.8 / X1) / X1))) + log(X1)))) [likelihood params: Float32[]]"
186,1349535,8554.965,8701.952,2.2359157,2.6727428,0.9982504,0.9970102,8554.965,8119.1157,38.744,Inf,47,"(((1860.779 / X1) - -0.603906) * (((((-2.0004705e6 / X1) - -19030.014) / X1) / log(9.783393)) - ((((((X1 / X1) - ((-8.315393e6 / X1) - (105344.59 / (X2 - (-2152.9707 / X1))))) / X1) - 54.1872) / (X2 - ((-666997.8 / X1) / X1))) + log(X1)))) [likelihood params: Float32[]]"
187,1357836,8554.965,8701.952,2.2359157,2.6727428,0.9982504,0.9970102,8554.965,8119.1157,37.766,Inf,47,"(((1860.779 / X1) - -0.603906) * (((((-2.0004705e6 / X1) - -19030.014) / X1) / log(9.783393)) - ((((((X1 / X1) - ((-8.315393e6 / X1) - (105344.59 / (X2 - (-2152.9707 / X1))))) / X1) - 54.1872) / (X2 - ((-666997.8 / X1) / X1))) + log(X1)))) [likelihood params: Float32[]]"
188,1365796,8554.965,8701.952,2.2359157,2.6727428,0.9982504,0.9970102,8554.965,8119.1157,38.488,Inf,47,"(((1860.779 / X1) - -0.603906) * (((((-2.0004705e6 / X1) - -19030.014) / X1) / log(9.783393)) - ((((((X1 / X1) - ((-8.315393e6 / X1) - (105344.59 / (X2 - (-2152.9707 / X1))))) / X1) - 54.1872) / (X2 - ((-666997.8 / X1) / X1))) + log(X1)))) [likelihood params: Float32[]]"
189,1373179,8554.965,8701.952,2.2359157,2.6727428,0.9982504,0.9970102,8554.965,8119.1157,38.254,Inf,47,"(((1860.779 / X1) - -0.603906) * (((((-2.0004705e6 / X1) - -19030.014) / X1) / log(9.783393)) - ((((((X1 / X1) - ((-8.315393e6 / X1) - (105344.59 / (X2 - (-2152.9707 / X1))))) / X1) - 54.1872) / (X2 - ((-666997.8 / X1) / X1))) + log(X1)))) [likelihood params: Float32[]]"
190,1380988,8554.965,8701.952,2.2359157,2.6727428,0.9982504,0.9970102,8554.965,8119.1157,38.436,Inf,47,"(((1860.779 / X1) - -0.603906) * (((((-2.0004705e6 / X1) - -19030.014) / X1) / log(9.783393)) - ((((((X1 / X1) - ((-8.315393e6 / X1) - (105344.59 / (X2 - (-2152.9707 / X1))))) / X1) - 54.1872) / (X2 - ((-666997.8 / X1) / X1))) + log(X1)))) [likelihood params: Float32[]]"
191,1389485,8554.965,8701.952,2.2359157,2.6727428,0.9982504,0.9970102,8554.965,8119.1157,38.304,Inf,47,"(((1860.779 / X1) - -0.603906) * (((((-2.0004705e6 / X1) - -19030.014) / X1) / log(9.783393)) - ((((((X1 / X1) - ((-8.315393e6 / X1) - (105344.59 / (X2 - (-2152.9707 / X1))))) / X1) - 54.1872) / (X2 - ((-666997.8 / X1) / X1))) + log(X1)))) [likelihood params: Float32[]]"
192,1397889,8554.965,8701.952,2.2359157,2.6727428,0.9982504,0.9970102,8554.965,8119.1157,38.08,Inf,47,"(((1860.779 / X1) - -0.603906) * (((((-2.0004705e6 / X1) - -19030.014) / X1) / log(9.783393)) - ((((((X1 / X1) - ((-8.315393e6 / X1) - (105344.59 / (X2 - (-2152.9707 / X1))))) / X1) - 54.1872) / (X2 - ((-666997.8 / X1) / X1))) + log(X1)))) [likelihood params: Float32[]]"
193,1406395,8554.965,8701.952,2.2359157,2.6727428,0.9982504,0.9970102,8554.965,8119.1157,37.75,Inf,47,"(((1860.779 / X1) - -0.603906) * (((((-2.0004705e6 / X1) - -19030.014) / X1) / log(9.783393)) - ((((((X1 / X1) - ((-8.315393e6 / X1) - (105344.59 / (X2 - (-2152.9707 / X1))))) / X1) - 54.1872) / (X2 - ((-666997.8 / X1) / X1))) + log(X1)))) [likelihood params: Float32[]]"
194,1415381,8476.943,8651.843,2.198763,2.8561878,0.9982795,0.99680495,8476.943,8449.316,38.154,Inf,47,"(((1844.9761 / X1) - -0.90282625) * (((((-1.9575532e6 / X1) - -18879.07) / X1) / log(10.3099985)) - ((((((X1 / X1) - ((-8.454317e6 / X1) - (325993.97 / (X2 - (-974.0486 / X1))))) / X1) - 53.27664) / (X2 - ((-809423.7 / -1.3161703) / -18405.75))) + log(X1)))) [likelihood params: Float32[]]"
195,1424903,6845.23,7011.6533,1.4217563,1.9705828,0.9988875,0.99779564,6845.23,6855.2275,38.358,Inf,47,"(((1974.8608 / X1) - -1.8416624) * (((((-1.7810975e6 / X1) - -18373.62) / X1) / log(14.145922)) - ((((((X1 / X1) - ((-1.7487814e7 / X1) - (779015.06 / (X2 - (-1001.6062 / X1))))) / X1) - 175.02596) / (X2 - ((-907088.9 / -0.8845328) / -12353.684))) + log(X1)))) [likelihood params: Float32[]]"
196,1433883,6559.874,6716.749,1.2858725,1.9878442,0.9989938,0.9977763,6559.874,6886.2983,37.652,Inf,45,"(((1975.7238 / X1) - -0.7043476) * (((((-1.8323171e6 / X1) - -18722.736) / X1) / log(11.652647)) - (((((X1 - ((-3.3257068e7 / X1) - (1.749993e6 / (X2 - (-1034.391 / X1))))) / X1) - 379.05692) / (X2 - ((-978926.9 / -0.68168694) / -9481.763))) + log(X1)))) [likelihood params: Float32[]]"
197,1442238,6559.8584,6711.1587,1.285865,1.985259,0.9989938,0.9977792,6559.8584,6881.645,37.81,Inf,45,"(((1975.7219 / X1) - -0.704367) * (((((-1.8323251e6 / X1) - -18722.719) / X1) / log(11.652661)) - (((((X1 - ((-3.3257074e7 / X1) - (1.750003e6 / (X2 - (-1034.2725 / X1))))) / X1) - 379.0617) / (X2 - ((-978897.6 / -0.68175286) / -9482.679))) + log(X1)))) [likelihood params: Float32[]]"
198,1450819,6500.041,6662.6567,1.2573805,2.0266602,0.9990161,0.9977329,6500.041,6956.167,38.168,Inf,45,"(((1882.4762 / X1) - -0.077660315) * (((((-1.7484524e6 / X1) - -17898.918) / X1) / log(8.562064)) - (((((X1 - ((-5.3971484e7 / X1) - (3.0143542e6 / (X2 - (-1059.4601 / X1))))) / X1) - 655.7744) / (X2 - ((-989669.1 / -0.5886973) / -7646.1924))) + log(X1)))) [likelihood params: Float32[]]"
199,1459373,6500.0083,6658.767,1.257365,2.0265708,0.9990161,0.997733,6500.0083,6956.006,37.946,Inf,45,"(((1882.4867 / X1) - -0.07773554) * (((((-1.7484558e6 / X1) - -17898.932) / X1) / log(8.561998)) - (((((X1 - ((-5.3971484e7 / X1) - (3.0143595e6 / (X2 - (-1059.373 / X1))))) / X1) - 655.82166) / (X2 - ((-989638.75 / -0.5887498) / -7646.8755))) + log(X1)))) [likelihood params: Float32[]]"
200,1467201,6500.0083,6658.767,1.257365,2.0265708,0.9990161,0.997733,6500.0083,6956.006,37.314,Inf,45,"(((1882.4867 / X1) - -0.07773554) * (((((-1.7484558e6 / X1) - -17898.932) / X1) / log(8.561998)) - (((((X1 - ((-5.3971484e7 / X1) - (3.0143595e6 / (X2 - (-1059.373 / X1))))) / X1) - 655.82166) / (X2 - ((-989638.75 / -0.5887498) / -7646.8755))) + log(X1)))) [likelihood params: Float32[]]"
375.561798 seconds (28.29 M allocations: 38.961 GiB, 1.24% gc time, 1959 lock conflicts, 3.92% compilation time: 3% of which was recompilation)
