Id,Expression,size,MSE_train,MSE_test,nll_train,nll_test,R2_train,R2_test
0,(0.0803059151110976)((X_0 + X_2)^(-0.20614247850435088)),7,0.00010406125012811598,0.00013982605028487393,0.00010406125012811598,0.00013982605028487393,0.5421823719426436,0.08089931208269774
1,((-1.8476585217435106)(X_0 + X_2))^(-4.005197680596856),7,inf,inf,inf,inf,-inf,-inf
2,(0.080305916066396)((X_0 + X_2)^(-0.2061424341824213)),7,0.00010406125012811076,0.0001398260261707467,0.00010406125012811076,0.0001398260261707467,0.5421823719426666,0.08089947058900526
3,(0.08030591579814805)((X_0 + X_2)^(-0.20614244662569456)),7,0.00010406125012811098,0.0001398260329407265,0.00010406125012811098,0.0001398260329407265,0.5421823719426656,0.08089942608876322
4,(0.080305916066396)((X_0 + X_2)^(-0.2061424341824213)),7,0.00010406125012811076,0.0001398260261707467,0.00010406125012811076,0.0001398260261707467,0.5421823719426666,0.08089947058900526
5,(0.08030591495747298)((X_0 + X_2)^(-0.20614248563405121)),7,0.00010406125012811796,0.00013982605416391536,0.00010406125012811796,0.00013982605416391536,0.5421823719426349,0.08089928658509093
6,(0.08030591602897007)((X_0 + (X_2)((X_9)^(sin(X_9))))^(-0.2061424359183956)),11,0.00010406125012811073,0.00013982602711523366,0.00010406125012811073,0.00013982602711523366,0.5421823719426667,0.08089946438072992
7,(0.08030591377716602)((X_0 + X_2)^(-0.20614254043081123)),7,0.00010406125012814361,0.00013982608397709645,0.00010406125012814361,0.00013982608397709645,0.5421823719425221,0.08089909061792178
8,((-2.1581855026274113)(X_0 + X_2))^(-3.1003227291239366),7,inf,inf,inf,inf,-inf,-inf
9,(0.08030591600510589)((X_0 + X_2)^(-0.20614243702533575)),7,0.00010406125012811072,0.00013982602771748373,0.00010406125012811072,0.00013982602771748373,0.5421823719426668,0.08089946042203655
10,(0.08030591585808904)((X_0 + X_2)^(-0.20614244384504266)),7,0.00010406125012811084,0.00013982603142786412,0.00010406125012811084,0.00013982603142786412,0.5421823719426662,0.08089943603306782
11,(0.08030591504894086)((X_0 + X_2)^(-0.20614248138895186)),7,0.00010406125012811676,0.0001398260518542928,0.00010406125012811676,0.0001398260518542928,0.5421823719426402,0.08089930176663762
12,((6.307576346307272e-41)(X_0 + X_2))^(0.026966465908626915),7,0.0002599536860079928,0.00017173901374288673,0.0002599536860079928,0.00017173901374288673,-0.14366663658589607,-0.12887008788234056
13,(0.08030591246065409)((X_0 + X_2)^(-0.2061426015840313)),7,0.00010406125012819411,0.00013982611724866516,0.00010406125012819411,0.00013982611724866516,0.5421823719422999,0.08089887191817569
14,(0.08030591607091855)((X_0 + X_2)^(-0.20614243397264906)),7,0.00010406125012811076,0.00013982602605661649,0.00010406125012811076,0.00013982602605661649,0.5421823719426666,0.08089947133920272
15,(-1.0656076859439951)((199.97303048807 + X_0 + X_2)^(-28.570547865636033)),9,0.007052604662140734,0.007089092977060576,0.007052604662140734,0.007089092977060576,-30.027944927361034,-45.59782793443414
16,(0.0803059160799622)((X_0 + X_2)^(-0.20614243355317283)),7,0.00010406125012811076,0.00013982602582839315,0.00010406125012811076,0.00013982602582839315,0.5421823719426666,0.08089947283935406
17,(0.08030591613933938)((X_0 + X_2)^(-0.20614243079910238)),7,0.00010406125012811084,0.0001398260243299934,0.00010406125012811084,0.0001398260243299934,0.5421823719426662,0.08089948268859337
18,(0.08030591613861648)((X_0 + X_2)^(-0.2061424308326313)),7,0.00010406125012811084,0.0001398260243482354,0.00010406125012811084,0.0001398260243482354,0.5421823719426662,0.08089948256868562
19,(0.08030591607917757)((X_0 + X_2)^(-0.20614243358956635)),7,0.00010406125012811076,0.00013982602584819372,0.00010406125012811076,0.00013982602584819372,0.5421823719426666,0.08089947270920161
20,(0.08030591544227172)((X_0 + X_2)^(-0.2061424631366537)),7,0.0001040612501281128,0.0001398260419238046,0.0001040612501281128,0.0001398260419238046,0.5421823719426576,0.08089936704144496
21,(0.07984282713788202)((X_0 + (0.48444146214803885)(X_2))^(-0.21321154071141463)),9,0.00010231105611604377,0.000142558834282198,0.00010231105611604377,0.000142558834282198,0.5498823531581354,0.06293625264740121
22,(0.09678938010347357)((X_2 + (X_0 + (X_2)^(X_2))^(-33.520672170360925))^(0.007834120903393757)),11,0.00018051947888719904,0.00016388809058725623,0.00018051947888719904,0.00016388809058725623,0.20580427834051274,-0.07726461909862814
23,(0.080305916066396)((X_0 + X_2)^(-0.2061424341824213)),7,0.00010406125012811076,0.0001398260261707467,0.00010406125012811076,0.0001398260261707467,0.5421823719426666,0.08089947058900526
24,(0.0803059161256095)((X_0 + (X_2)^((2)(X_1)))^(-0.20614243143592226)),11,0.00010406125012811083,0.0001398260246764663,0.00010406125012811083,0.0001398260246764663,0.5421823719426663,0.08089948041116757
25,(0.080305916066396)((X_0 + X_2)^(-0.2061424341824213)),7,0.00010406125012811076,0.0001398260261707467,0.00010406125012811076,0.0001398260261707467,0.5421823719426666,0.08089947058900526
26,(0.08030591607946369)((X_0 + X_2)^(-0.20614243357629541)),7,0.00010406125012811076,0.00013982602584097342,0.00010406125012811076,0.00013982602584097342,0.5421823719426666,0.08089947275666176
27,(0.08030591236849687)((X_2 + (X_0)((X_14)^(X_14)))^(-0.20614260586596372)),10,0.00010406125012819854,0.00013982611957833314,0.00010406125012819854,0.00013982611957833314,0.5421823719422805,0.0808988566048674
28,(0.08030591611169384)((X_0 + X_2)^(-0.20614243208136362)),7,0.00010406125012811082,0.00013982602502762986,0.00010406125012811082,0.00013982602502762986,0.5421823719426664,0.08089947810290898
29,(0.08030591236940939)((X_0 + X_2)^(-0.20614260582651733)),7,0.00010406125012819846,0.0001398261195568731,0.00010406125012819846,0.0001398261195568731,0.5421823719422807,0.08089885674592778
30,(0.08030591607717612)((X_0 + X_2)^(-0.2061424336824011)),7,0.00010406125012811076,0.00013982602589870203,0.00010406125012811076,0.00013982602589870203,0.5421823719426666,0.08089947237720163
31,(0.08030591604668316)((X_0 + X_2)^(-0.2061424350967823)),7,0.00010406125012811072,0.0001398260266682207,0.00010406125012811072,0.0001398260266682207,0.5421823719426668,0.08089946731902309
32,(0.08030591598034201)((X_0 + X_2)^(-0.20614243817402544)),7,0.00010406125012811072,0.00013982602834244836,0.00010406125012811072,0.00013982602834244836,0.5421823719426668,0.08089945631403672
33,(0.08030591581931623)((X_0 + X_2)^(-0.20614244564370018)),7,0.00010406125012811092,0.00013982603240645524,0.00010406125012811092,0.00013982603240645524,0.5421823719426658,0.08089942960062002
34,(0.07916010551159504)(((X_0)^(0.00036654103808536994))(((X_0)^(-564.8986340854232) + X_2)^(0.00036654103808536994))),11,0.00011423044647999282,0.00014948789839927063,0.00011423044647999282,0.00014948789839927063,0.4974429771406982,0.017390321945291776
35,(0.07979300528108092)(((X_0)^(-0.10669433952952685))((X_0 + (X_2)((sin((X_13)^(X_13)))^(-1)))^(-0.10669433952952685))),15,0.00010200507805667582,0.00014283530255450053,0.00010200507805667582,0.00014283530255450053,0.5512285040952514,0.06111897912259767
36,((4.8222770042094725e-30)(X_0 + X_2) + (X_9)(X_9))^(0.036923742159001974),10,0.06083819428547823,0.06071613272906193,0.06083819428547823,0.06071613272906193,-266.6577282012183,-398.097587647413
37,(0.0803059157860638)((X_0 + X_2)^(-0.2061424471862983)),7,0.00010406125012811105,0.00013982603324573273,0.00010406125012811105,0.00013982603324573273,0.5421823719426654,0.08089942408390471
38,(0.0801063480064894)((X_0 + (X_0)((X_2)(exp(X_7))))^(-0.20788305347600944)),11,0.00010097267810027144,0.00014085438147090252,0.00010097267810027144,0.00014085438147090252,0.5557705492721609,0.07413991425546806
39,(0.11517088421473332)((X_0 + X_2 + (X_9)^(X_9))^(-0.4931084159834246)),10,0.00010341581592259105,0.00014724844893756523,0.00010341581592259105,0.00014724844893756523,0.5450219607105732,0.03211060859156434
40,(0.080305916066396)((X_0 + X_2)^(-0.2061424341824213)),7,0.00010406125012811076,0.0001398260261707467,0.00010406125012811076,0.0001398260261707467,0.5421823719426666,0.08089947058900526
41,(0.08030591228533522)((X_0 + X_2)^(-0.2061426097356244)),7,0.00010406125012820258,0.00013982612168369978,0.00010406125012820258,0.00013982612168369978,0.5421823719422626,0.08089884276593018
42,(0.08030591593839394)((X_0 + X_2)^(-0.20614244011985114)),7,0.00010406125012811076,0.00013982602940110873,0.00010406125012811076,0.00013982602940110873,0.5421823719426666,0.08089944935527982
43,(0.12017598387494122)(((X_1)^(-0.1138901158365862))((X_0 + X_2)^(-0.1138901158365862))),10,8.62507102536308e-05,8.68000322670741e-05,8.62507102536308e-05,8.68000322670741e-05,0.6205398691831527,0.42944845252099606
44,(0.08030591598489023)((X_0 + X_2)^(-0.20614243796305265)),7,0.00010406125012811073,0.0001398260282276649,0.00010406125012811073,0.0001398260282276649,0.5421823719426667,0.08089945706852808
45,((205621.61296507675)(X_0 + X_2) + X_8)^(-0.20614310164808541),9,0.00010406119732113314,0.0001398262471051476,0.00010406119732113314,0.0001398262471051476,0.5421826042670449,0.08089801834917276
46,(0.08030591694305611)((X_0 + X_2)^(-0.20614239352964867)),7,0.0001040612501281166,0.0001398260040529105,0.0001040612501281166,0.0001398260040529105,0.5421823719426409,0.08089961597334827
47,(0.08030591540299435)((X_0 + X_2)^(-0.20614246495913585)),7,0.00010406125012811309,0.00013982604291535835,0.00010406125012811309,0.00013982604291535835,0.5421823719426564,0.08089936052379176
48,(0.080305916066396)((X_0 + X_2)^(-0.2061424341824213)),7,0.00010406125012811076,0.0001398260261707467,0.00010406125012811076,0.0001398260261707467,0.5421823719426666,0.08089947058900526
49,(0.0981564359833335)((X_0 + X_2 + sqrt(X_0))^(-0.29108336262241963)),9,0.00010157302190304275,0.00014248829771890283,0.00010157302190304275,0.00014248829771890283,0.5531293357996596,0.06339990161492792
50,(0.08030591576847418)((X_0 + X_2)^(-0.20614244800229847)),7,0.00010406125012811109,0.00013982603368969195,0.00010406125012811109,0.00013982603368969195,0.5421823719426652,0.08089942116568438
51,(0.08030591607563412)((X_0 + X_2)^(-0.2061424337539246)),7,0.00010406125012811076,0.00013982602593761565,0.00010406125012811076,0.00013982602593761565,0.5421823719426666,0.0808994721214159
52,(0.080305916066396)((X_0 + X_2)^(-0.2061424341824213)),7,0.00010406125012811076,0.0001398260261707467,0.00010406125012811076,0.0001398260261707467,0.5421823719426666,0.08089947058900526
53,(0.07973022642694752)(((X_0)^(-0.10690982115977214))((X_0 + X_2)^(-0.10690982115977214))),9,0.00010221852014266931,0.00014332515802662136,0.00010221852014266931,0.00014332515802662136,0.5502894653136027,0.057899074816575635
54,(0.08030591590612222)((X_0 + X_2)^(-0.2061424416168547)),7,0.00010406125012811079,0.0001398260302155796,0.00010406125012811079,0.0001398260302155796,0.5421823719426664,0.08089944400162274
55,(0.08030591557890045)((X_0 + X_2)^(-0.2061424567973588)),7,0.00010406125012811191,0.00013982603847479918,0.00010406125012811191,0.00013982603847479918,0.5421823719426615,0.08089938971235133
56,(0.08030591330287992)((X_0 + X_2)^(-0.20614256245724163)),7,0.00010406125012815914,0.00013982609596098844,0.00010406125012815914,0.00013982609596098844,0.5421823719424538,0.08089901184573789
57,(0.08030591574662223)((X_0 + X_2)^(-0.20614244901605266)),7,0.00010406125012811115,0.0001398260342412427,0.00010406125012811115,0.0001398260342412427,0.5421823719426648,0.08089941754024632
58,((X_0 + X_2)^(0.19422922235069717))((2.4927639234249634e-06 + X_13)^(0.19422922235069717)),10,0.059416256946717816,0.059316974281017516,0.059416256946717816,0.059316974281017516,-260.4019127187403,-388.9006784199624
59,(0.08030591547165247)((X_0 + X_2)^(-0.20614246177338785)),7,0.00010406125012811259,0.0001398260411820957,0.00010406125012811259,0.0001398260411820957,0.5421823719426586,0.08089937191682528
60,(0.08030591939948886)((X_0 + X_2)^(-0.2061422797307539)),7,0.00010406125012818724,0.0001398259421387882,0.00010406125012818724,0.0001398259421387882,0.5421823719423302,0.08090002294552767
61,(-2.650869483339285)((271.1304725219984 + X_0 + X_2)^(-22.121496240846447)),9,0.007052604662140734,0.007089092977060576,0.007052604662140734,0.007089092977060576,-30.027944927361034,-45.59782793443414
62,(0.0803059159422656)((X_0 + X_2)^(-0.2061424399402557)),7,0.00010406125012811073,0.00013982602930339664,0.00010406125012811073,0.00013982602930339664,0.5421823719426667,0.08089944999755816
63,(0.0803059160722172)((X_0 + X_2)^(-0.20614243391241333)),7,0.00010406125012811076,0.0001398260260238442,0.00010406125012811076,0.0001398260260238442,0.5421823719426666,0.08089947155462074
64,(0.080305916066396)((X_0 + X_2)^(-0.2061424341824213)),7,0.00010406125012811076,0.0001398260261707467,0.00010406125012811076,0.0001398260261707467,0.5421823719426666,0.08089947058900526
65,(0.08999074063659662)((0.377781010361469 + X_0 + X_2)^(-0.3226277148462869)),9,0.0001028879472856748,0.00014443875165948475,0.0001028879472856748,0.00014443875165948475,0.5473443195807707,0.05057923225548033
66,(0.08030591613057753)((X_0 + X_2)^(-0.20614243120549455)),7,0.00010406125012811084,0.00013982602455109812,0.00010406125012811084,0.00013982602455109812,0.5421823719426662,0.08089948123523405
67,(4.437178212940943 + X_0 + (0.5093559712421539)(X_2))^(-1.4761773251615717),9,0.00010153680744142047,0.00015519179362601595,0.00010153680744142047,0.00015519179362601595,0.5532886613785939,-0.020102362830035636
68,((X_0 + X_2)^(2.5163257885152284))((-2.0127285559300354 - (sin(X_0)))^(2.5163257885152284)),10,inf,inf,inf,inf,-inf,-inf
69,((X_0 + X_2)(-3.9495204951791707 + X_3))^(1.5866323330461274),9,inf,inf,inf,inf,-inf,-inf
70,(0.08030591407660681)((X_0 + X_2)^(-0.20614252652564674)),7,0.00010406125012813533,0.00013982607641173348,0.00010406125012813533,0.00013982607641173348,0.5421823719425585,0.08089914034635437
71,(0.08030591530394139)((X_0 + X_2)^(-0.20614246955537743)),7,0.00010406125012811396,0.00013982604541602526,0.00010406125012811396,0.00013982604541602526,0.5421823719426526,0.08089934408647792
72,(0.09815641885898402)((X_0 + (X_2)^(exp(X_6)) + sqrt(X_0))^(-0.2910830120737382)),12,0.00010157302190295483,0.00014248815694257793,0.00010157302190295483,0.00014248815694257793,0.5531293358000464,0.06340082696193439
73,(0.08030591612139909)((X_0 + X_2)^(-0.20614243163121052)),7,0.0001040612501281108,0.00013982602478271628,0.0001040612501281108,0.00013982602478271628,0.5421823719426664,0.08089947971276812
74,(0.08030591624925734)((X_0 + X_2)^(-0.20614242570105898)),7,0.00010406125012811114,0.0001398260215563148,0.00010406125012811114,0.0001398260215563148,0.5421823719426649,0.08089950092046028
75,(0.08030591587571077)((X_0 + X_2)^(-0.20614244302758908)),7,0.00010406125012811083,0.00013982603098311425,0.00010406125012811083,0.00013982603098311425,0.5421823719426663,0.08089943895648533
76,(0.080305916066396)((X_0 + X_2)^(-0.2061424341824213)),7,0.00010406125012811076,0.0001398260261707467,0.00010406125012811076,0.0001398260261707467,0.5421823719426666,0.08089947058900526
77,(0.0803059160608591)((X_0 + X_2)^(-0.20614243443924438)),7,0.00010406125012811073,0.00013982602631047578,0.00010406125012811073,0.00013982602631047578,0.5421823719426667,0.08089946967054207
78,((X_0 + X_2)^(-0.7398454124332821))((-0.63118326995769 + X_3)^(-0.7398454124332821)),10,inf,inf,inf,inf,-inf,-inf
79,(0.09256720692032519)(((2)(X_0) + X_2)^(-0.2130425825814961)),9,0.00010231379913028524,0.0001424428774025502,0.00010231379913028524,0.0001424428774025502,0.5498702852628121,0.06369845716963374
80,(0.080305916066396)((X_0 + X_2)^(-0.2061424341824213)),7,0.00010406125012811076,0.0001398260261707467,0.00010406125012811076,0.0001398260261707467,0.5421823719426666,0.08089947058900526
81,((X_0 + X_2)^(-0.20614243550622355))((205614.97133088598 + log((205614.97133088598)(log(205614.97133088598)) - (X_2)))^(-0.20614243550622355)),13,0.00010406125012809894,0.00013982602689121073,0.00010406125012809894,0.00013982602689121073,0.5421823719427186,0.08089946585327124
82,-117.67311175303938 + (117.75398956523878)((X_0 + X_2)^(-0.0001520261047183533)),9,0.00010307871985693839,0.00014256524650441564,0.00010307871985693839,0.00014256524650441564,0.546505015363622,0.06289410400743545
83,(0.08030591517654619)((X_0 + X_2)^(-0.206142475467057)),7,0.00010406125012811525,0.0001398260486323799,0.00010406125012811525,0.0001398260486323799,0.5421823719426468,0.08089932294482538
84,0.12236856999348157 + (-0.02081458438800261)(X_0 + (X_2)^(X_5) + (-0.25328697663157546)(X_4)),13,9.487344162887024e-05,0.0001351524183489323,9.487344162887024e-05,0.0001351524183489323,0.5826041493957419,0.11161989897365776
85,(0.08030591570316448)((X_0 + X_2)^(-0.2061424510321639)),7,0.0001040612501281113,0.0001398260353381434,0.0001040612501281113,0.0001398260353381434,0.5421823719426642,0.08089941033012948
86,(0.08030591118402229)((X_0 + X_2)^(-0.20614266091395672)),7,0.00010406125012826518,0.00013982614952827316,0.00010406125012826518,0.00013982614952827316,0.5421823719419872,0.0808986597387582
87,(0.0803059160885771)((X_0 + X_2)^(-0.20614243315358513)),7,0.00010406125012811077,0.00013982602561099055,0.00010406125012811077,0.00013982602561099055,0.5421823719426665,0.08089947426837873
88,(0.080305916066396)((X_0 + X_2)^(-0.2061424341824213)),7,0.00010406125012811076,0.0001398260261707467,0.00010406125012811076,0.0001398260261707467,0.5421823719426666,0.08089947058900526
89,(0.08030591579550858)((X_0 + X_2)^(-0.20614244674814372)),7,0.000104061250128111,0.0001398260330073471,0.000104061250128111,0.0001398260330073471,0.5421823719426655,0.0808994256508544
90,(-0.49128577110038235)((6.3996494538369095 + X_0 + X_2)^(-12.205691034660685)),9,0.007052604665062483,0.007089092979877611,0.007052604665062483,0.007089092979877611,-30.02794494021527,-45.597827952951
91,(-0.9190625908804874)((X_0 + X_2)^(0.01960043006094395)) + (X_5)^(X_5),10,0.00010303393897468911,0.0001427952537465498,0.00010303393897468911,0.0001427952537465498,0.5467020289231211,0.06138222682832051
92,(0.0803059161006896)((X_0 + X_2)^(-0.20614243259177079)),7,0.00010406125012811079,0.00013982602530532572,0.00010406125012811079,0.00013982602530532572,0.5421823719426664,0.08089947627756633
93,(0.0803059160801697)((X_0 + X_2)^(-0.20614243354354805)),7,0.00010406125012811077,0.00013982602582315667,0.00010406125012811077,0.00013982602582315667,0.5421823719426665,0.08089947287377441
94,(0.08030591390172108)((X_0 + X_2)^(-0.20614253464590934)),7,0.00010406125012814003,0.0001398260808297125,0.00010406125012814003,0.0001398260808297125,0.5421823719425378,0.08089911130621796
95,(0.080305916066396)((X_0 + X_2)^(-0.2061424341824213)),7,0.00010406125012811076,0.0001398260261707467,0.00010406125012811076,0.0001398260261707467,0.5421823719426666,0.08089947058900526
96,(658.7928892747733 + (1743.838068996869)(X_0 + X_2))^(-0.32262836495968894),9,0.00010288794728565758,0.00014443876654319168,0.00010288794728565758,0.00014443876654319168,0.5473443195808465,0.050579134422313765
97,(-4.119476229939335)((-1.001463188756213 + X_0 + X_2)^(-1.9509563725621182)),9,inf,inf,inf,inf,-inf,-inf
98,(0.08030591608226159)((X_0 + X_2)^(-0.20614243344651928)),7,0.00010406125012811079,0.00013982602577036646,0.00010406125012811079,0.00013982602577036646,0.5421823719426664,0.08089947322077351
99,(0.08030591434178513)((X_0 + X_2)^(-0.20614251421342644)),7,0.00010406125012812902,0.00013982606971304335,0.00010406125012812902,0.00013982606971304335,0.5421823719425862,0.08089918437799726
100,(0.08030591376566842)((X_0 + X_2)^(-0.2061425409544553)),7,0.00010406125012814394,0.00013982608426198935,0.00010406125012814394,0.00013982608426198935,0.5421823719425206,0.08089908874527174
101,(0.08030591606548536)((X_0 + (X_2)((exp(X_11))^(-1)))^(-0.20614243422466091)),12,0.00010406125012811073,0.00013982602619372792,0.00010406125012811073,0.00013982602619372792,0.5421823719426667,0.08089947043794588
102,((2.5753978648727828e-33)(X_0 + X_2) + X_7)^(0.03335186379125079),9,0.05945341717906923,0.05924623493689758,0.05945341717906923,0.05924623493689758,-260.56539921743445,-388.43569653918274
103,(0.07973022699272782)(((X_0)^(-0.1069098091012821))((X_0 + X_2)^(-0.1069098091012821))),9,0.00010221852014266816,0.0001433251448191297,0.00010221852014266816,0.0001433251448191297,0.5502894653136077,0.057899161631690954
104,(-3.3977416208003)((-0.8424179407460972 + X_0 + X_2)^(3.2168446763776473)),9,inf,inf,inf,inf,-inf,-inf
105,(0.09256720720876992)(((2)(X_0) + X_2)^(-0.21304259027069966)),9,0.00010231379913027407,0.00014244288159982225,0.00010231379913027407,0.00014244288159982225,0.5498702852628612,0.0636984295802423
106,(0.08030591697112914)(((X_0 + X_2)^(-0.20614239222821287))((X_7)^((-1)(X_7)))),12,0.00010406125012811697,0.00013982600334484246,0.00010406125012811697,0.00013982600334484246,0.5421823719426393,0.08089962062760148
107,((205629.69824315826)(X_0 + X_2))^(-0.20614243644187286 + (X_3)(X_10)),11,0.00010406125012811073,0.00013982602740004546,0.00010406125012811073,0.00013982602740004546,0.5421823719426667,0.08089946250861302
108,(0.0803059161054247)((X_0 + X_2)^(-0.20614243237214294)),7,0.00010406125012811079,0.00013982602518583336,0.00010406125012811079,0.00013982602518583336,0.5421823719426664,0.08089947706301015
109,(0.080305916066396)((X_0 + X_2)^(-0.2061424341824213)),7,0.00010406125012811076,0.0001398260261707467,0.00010406125012811076,0.0001398260261707467,0.5421823719426666,0.08089947058900526
110,(0.0803059138061892)((X_0 + X_2)^(-0.2061425390820558)),7,0.00010406125012814276,0.00013982608324328042,0.00010406125012814276,0.00013982608324328042,0.5421823719425258,0.08089909544142082
111,(0.08030591669873455)((X_0 + X_2)^(-0.20614240485740556)),7,0.00010406125012811396,0.00013982601021596828,0.00010406125012811396,0.00013982601021596828,0.5421823719426526,0.08089957546250914
112,(0.08030591609108206)((X_0 + X_2)^(-0.20614243303739674)),7,0.00010406125012811079,0.00013982602554777626,0.00010406125012811079,0.00013982602554777626,0.5421823719426664,0.08089947468389724
113,(0.080305916066396)((X_0 + X_2)^(-0.2061424341824213)),7,0.00010406125012811076,0.0001398260261707467,0.00010406125012811076,0.0001398260261707467,0.5421823719426666,0.08089947058900526
114,(0.080305914521952)((X_0 + X_2)^(-0.2061425058495287)),7,0.00010406125012812526,0.000139826065162512,0.00010406125012812526,0.000139826065162512,0.5421823719426029,0.08089921428942282
115,(0.08030591327702744)((X_0 + X_2)^(-0.20614256365776265)),7,0.00010406125012816007,0.00013982609661415435,0.00010406125012816007,0.00013982609661415435,0.5421823719424497,0.08089900755236579
116,(0.08030591448515441)((X_0 + X_2)^(-0.20614250755798086)),7,0.00010406125012812601,0.00013982606609202667,0.00010406125012812601,0.00013982606609202667,0.5421823719425996,0.08089920817956298
117,((-2.864727114298521)(X_0 + X_2))^(0.46872741593026657 + (2.56643706050885)(X_2)),10,inf,inf,inf,inf,-inf,-inf
118,0.04216007875865399 + (0.07770615644586074)((1 + X_0 + X_2)^(-0.9963769111423457)),11,0.00010288557245785993,0.0001449694325535514,0.00010288557245785993,0.0001449694325535514,0.5473547676393506,0.04709097542631646
119,(0.12017599011316864)(((X_1)^(-0.11389013301573545))((X_0 + X_2)^(-0.11389013301573545))),10,8.625071025363184e-05,8.680003610854394e-05,8.625071025363184e-05,8.680003610854394e-05,0.6205398691831481,0.4294484272703538
120,(0.08030591595496923)((X_0 + X_2)^(-0.2061424393509751)),7,0.00010406125012811073,0.00013982602898278827,0.00010406125012811073,0.00013982602898278827,0.5421823719426667,0.08089945210497218
121,((X_0 + X_2)^(-2.5768799161104052))((-1.4854778523596854 - (X_2))^(-2.5768799161104052)),9,inf,inf,inf,inf,-inf,-inf
122,(0.08030591607254893)((X_0 + X_2)^(-0.20614243389702616)),7,0.00010406125012811075,0.00013982602601547253,0.00010406125012811075,0.00013982602601547253,0.5421823719426666,0.08089947160964905
123,(0.08030591607548544)((X_0 + X_2)^(-0.2061424337608202)),7,0.00010406125012811076,0.00013982602594136734,0.00010406125012811076,0.00013982602594136734,0.5421823719426666,0.08089947209675541
124,(0.080305916066396)((X_0 + X_2)^(-0.2061424341824213)),7,0.00010406125012811076,0.0001398260261707467,0.00010406125012811076,0.0001398260261707467,0.5421823719426666,0.08089947058900526
125,(0.08030591583997086)((X_0 + X_2)^(-0.20614244468553186)),7,0.0001040612501281109,0.00013982603188514701,0.0001040612501281109,0.00013982603188514701,0.5421823719426659,0.08089943302726865
126,(0.09256721107732299)(((2)(X_0) + X_2)^(-0.213042693381477)),9,0.00010231379913015793,0.00014244293788451056,0.00010231379913015793,0.00014244293788451056,0.5498702852633722,0.06369805961130137
127,(0.08030591593408413)((X_0 + (X_2)^(X_0))^(-0.20614244031977058)),8,0.00010406125012811075,0.00013982602950987839,0.00010406125012811075,0.00013982602950987839,0.5421823719426666,0.08089944864031806
128,(0.08030591328850147)((X_0 + ((X_2)((X_7)^(X_7)))^(X_0))^(-0.2061425631251437)),11,0.00010406125012815965,0.0001398260963243732,0.00010406125012815965,0.0001398260963243732,0.5421823719424514,0.08089900945714723
129,(0.08030591608923941)((X_0 + X_2)^(-0.20614243312286484)),7,0.00010406125012811077,0.00013982602559427663,0.00010406125012811077,0.00013982602559427663,0.5421823719426665,0.08089947437824219
130,(0.08030591327093888)((X_0 + X_2)^(-0.20614256394085487)),7,0.00010406125012816031,0.0001398260967681762,0.00010406125012816031,0.0001398260967681762,0.5421823719424486,0.08089900653995374
131,(0.1151708824788433)((1 + X_0 + X_2)^((-0.49310839162583864)((X_2)^(X_2)))),11,0.00010341581592259153,0.0001472484430766137,0.00010341581592259153,0.0001472484430766137,0.5450219607105711,0.03211064711660716
132,(0.08030591473855013)((X_0 + X_2)^(-0.2061424957949393)),7,0.00010406125012812132,0.00013982605969212983,0.00010406125012812132,0.00013982605969212983,0.5421823719426202,0.08089925024718603
133,(0.08030591607713193)((X_0 + X_2)^(-0.20614243368445043)),7,0.00010406125012811076,0.000139826025899817,0.00010406125012811076,0.000139826025899817,0.5421823719426666,0.08089947236987272
134,(0.08030591481045664)((X_0 + X_2)^(-0.20614249245747482)),7,0.00010406125012812014,0.00013982605787632194,0.00010406125012812014,0.00013982605787632194,0.5421823719426253,0.08089926218280363
135,(-4.099000826469296)((-4.818099538452303 + X_0 + X_2)^(2.804754158342053)),9,inf,inf,inf,inf,-inf,-inf
136,((-3.2908306246803285)(X_0 + X_2))^(2.915219164160038),7,inf,inf,inf,inf,-inf,-inf
137,(0.08030591610038278)((X_0 + (X_2)^(((X_13)^(-1))(exp(X_13))))^(-0.20614243260600168)),13,0.00010406125012811079,0.00013982602531306828,0.00010406125012811079,0.00013982602531306828,0.5421823719426664,0.08089947622667315
138,(0.0803059209520081)((X_0 + (X_2)^((X_14)^(X_14)))^(-0.2061422078959668)),10,0.00010406125012827298,0.00013982590305600245,0.00010406125012827298,0.00013982590305600245,0.542182371941953,0.0809002798434032
139,(0.07984285246917248)((X_0 + (0.48446426921802593)(X_2))^(-0.21321124450137577)),9,0.00010231105611420279,0.00014255863332546974,0.00010231105611420279,0.00014255863332546974,0.5498823531662348,0.06293757357055396
140,(0.080305916066396)((X_0 + X_2)^(-0.2061424341824213)),7,0.00010406125012811076,0.0001398260261707467,0.00010406125012811076,0.0001398260261707467,0.5421823719426666,0.08089947058900526
141,((X_0 + X_2)^(0.19083014141068286))((1.9580490533984635e-06 + X_8)^(0.19083014141068286)),10,0.05906455891812424,0.05896116233435915,0.05906455891812424,0.05896116233435915,-258.8546167075457,-386.5618652712206
142,(1.0808290534166067)((X_0 + X_2)^(-0.016477420333633346)) - ((X_13)^(X_13)),10,0.00010312242526802279,0.00014238859525362451,0.00010312242526802279,0.00014238859525362451,0.5463127333411467,0.06405526307466769
143,(0.0803059153280277)((X_0 + X_2)^(-0.20614246843767417)),7,0.00010406125012811373,0.00013982604480791886,0.00010406125012811373,0.00013982604480791886,0.5421823719426535,0.08089934808366583
144,(0.08030591607441591)((X_0 + X_2)^(-0.2061424338104291)),7,0.00010406125012811075,0.0001398260259683579,0.00010406125012811075,0.0001398260259683579,0.5421823719426666,0.08089947191934166
145,(0.08030591598936856)((X_0 + X_2)^(-0.20614243775532093)),7,0.00010406125012811072,0.00013982602811464485,0.00010406125012811072,0.00013982602811464485,0.5421823719426668,0.08089945781142827
146,(0.08030591559104305)((X_0 + X_2)^(-0.20614245623397576)),7,0.00010406125012811185,0.0001398260381682807,0.00010406125012811185,0.0001398260381682807,0.5421823719426617,0.08089939172714988
147,(0.08030591612173364)((X_0 + X_2)^(-0.20614243161569287)),7,0.00010406125012811082,0.0001398260247742736,0.00010406125012811082,0.0001398260247742736,0.5421823719426664,0.08089947976826328
